13 7 0 2 4 6 8 10
13 7 0 2 4 8 6 10
13 7 0 2 3 5 8 10
13 7 0 2 3 5 7 9
13 7 0 2 3 5 6 8
13 7 0 2 3 7 8 12
13 7 0 2 3 7 5 9
13 7 0 2 3 11 6 10
13 7 0 2 3 11 5 9
13 7 0 2 3 11 4 8
13 7 0 2 1 5 10 12
13 7 0 2 1 5 9 11
13 7 0 2 1 5 8 10
13 7 0 2 1 5 7 9
13 7 0 2 1 5 6 8
13 7 0 2 1 5 4 6
13 7 0 2 1 5 4 12
13 7 0 2 1 5 3 7
13 7 0 2 1 6 8 12
13 7 0 2 1 6 7 11
13 7 0 2 1 6 4 12
13 7 0 2 1 6 3 5
13 7 0 2 1 6 3 7
13 7 0 4 2 6 7 12
13 7 0 4 2 7 8 12
13 7 0 4 1 6 8 12
13 7 0 4 1 6 7 11
13 7 0 4 1 6 5 10
13 7 0 4 1 6 2 10
13 7 0 5 1 9 2 7
