15 7 0 2 4 8 5 10 7 12
15 7 0 2 4 8 5 11 7 12
15 7 0 2 4 9 6 10 7 13
15 7 0 2 4 9 6 11 8 12
15 7 0 2 4 9 6 11 7 13
15 7 0 2 4 9 5 11 8 12
15 7 0 2 4 13 5 9 7 12
15 7 0 2 4 13 5 9 6 11
15 7 0 2 4 13 5 10 7 11
15 7 0 2 4 13 5 10 6 12
15 7 0 2 4 13 5 11 7 9
15 7 0 2 3 5 7 9 11 13
15 7 0 2 3 5 7 9 10 12
15 7 0 2 3 5 7 11 9 13
15 7 0 2 3 5 7 11 8 13
15 7 0 2 3 5 7 12 9 11
15 7 0 2 3 5 7 12 8 10
15 7 0 2 3 5 6 8 10 12
15 7 0 2 3 5 6 8 9 11
15 7 0 2 3 5 6 8 9 13
15 7 0 2 3 5 6 10 11 13
15 7 0 2 3 5 6 10 8 12
15 7 0 2 3 5 6 10 8 13
15 7 0 2 3 5 6 10 7 12
15 7 0 2 3 5 6 11 9 13
15 7 0 2 3 5 6 11 8 10
15 7 0 2 3 5 6 11 8 12
15 7 0 2 3 5 6 11 8 13
15 7 0 2 3 5 6 11 7 9
15 7 0 2 3 7 8 14 11 13
15 7 0 2 3 7 8 14 10 12
15 7 0 2 3 7 8 14 9 11
15 7 0 2 3 7 6 11 8 14
15 7 0 2 3 7 5 9 11 13
15 7 0 2 3 7 5 9 10 12
15 7 0 2 3 7 5 10 11 13
15 7 0 2 3 7 5 10 8 14
15 7 0 2 3 7 4 9 11 13
15 7 0 2 3 7 4 9 10 12
15 7 0 2 3 7 4 9 6 11
15 7 0 2 3 7 4 10 6 11
15 7 0 2 3 7 4 13 8 14
15 7 0 2 3 7 4 13 6 11
15 7 0 2 3 7 4 13 5 9
15 7 0 2 3 7 4 13 5 10
15 7 0 2 3 8 6 10 9 14
15 7 0 2 3 8 5 7 11 13
15 7 0 2 3 8 5 7 10 12
15 7 0 2 3 8 5 7 9 14
15 7 0 2 3 8 5 9 11 13
15 7 0 2 3 8 5 9 6 12
15 7 0 2 3 8 5 10 11 13
15 7 0 2 3 8 5 10 7 11
15 7 0 2 3 8 5 10 6 12
15 7 0 2 3 8 5 11 9 14
15 7 0 2 3 8 4 6 11 13
15 7 0 2 3 8 4 6 10 12
15 7 0 2 3 8 4 6 9 11
15 7 0 2 3 8 4 6 9 14
15 7 0 2 3 8 4 10 7 11
15 7 0 2 3 8 4 10 5 7
15 7 0 2 3 8 4 14 5 10
15 7 0 2 3 8 4 14 5 11
15 7 0 2 3 9 6 10 7 12
15 7 0 2 3 9 6 11 8 14
15 7 0 2 3 9 5 10 8 14
15 7 0 2 3 9 5 10 7 12
15 7 0 2 3 9 5 10 6 8
15 7 0 2 3 9 5 11 6 8
15 7 0 2 3 9 5 14 7 12
15 7 0 2 3 9 5 14 6 11
15 7 0 2 3 9 4 13 8 14
15 7 0 2 3 9 4 13 7 12
15 7 0 2 3 9 4 13 6 8
15 7 0 2 3 9 4 13 6 10
15 7 0 2 3 9 4 13 6 11
15 7 0 2 3 9 4 13 5 7
15 7 0 2 3 9 4 13 5 10
15 7 0 2 3 9 4 13 5 11
15 7 0 2 3 12 7 11 9 13
15 7 0 2 3 12 7 13 8 10
15 7 0 2 3 12 6 10 7 13
15 7 0 2 3 12 6 11 9 13
15 7 0 2 3 12 6 11 8 10
15 7 0 2 3 12 6 11 7 9
15 7 0 2 3 12 6 11 7 13
15 7 0 2 3 12 5 9 6 11
15 7 0 2 3 12 5 10 9 13
15 7 0 2 3 12 5 10 7 9
15 7 0 2 3 12 5 10 7 11
15 7 0 2 3 12 5 10 7 13
15 7 0 2 3 12 5 10 6 8
15 7 0 2 3 12 5 11 7 9
15 7 0 2 3 12 5 11 7 13
15 7 0 2 3 12 5 11 6 8
15 7 0 2 3 12 5 14 7 9
15 7 0 2 3 12 5 14 6 10
15 7 0 2 3 12 4 8 6 11
15 7 0 2 3 12 4 8 5 10
15 7 0 2 3 12 4 8 5 14
15 7 0 2 3 12 4 9 7 11
15 7 0 2 3 12 4 9 7 13
15 7 0 2 3 12 4 9 6 8
15 7 0 2 3 12 4 9 6 10
15 7 0 2 3 12 4 9 5 7
15 7 0 2 3 12 4 9 5 11
15 7 0 2 3 12 4 10 7 9
15 7 0 2 3 12 4 10 6 8
15 7 0 2 3 12 4 10 6 11
15 7 0 2 3 12 4 10 5 7
15 7 0 2 3 12 4 10 5 14
15 7 0 2 3 12 4 14 8 10
15 7 0 2 3 12 4 14 7 9
15 7 0 2 3 12 4 14 7 13
15 7 0 2 3 12 4 14 6 8
15 7 0 2 3 12 4 14 6 11
15 7 0 2 3 12 4 14 5 10
15 7 0 2 3 13 7 12 8 10
15 7 0 2 3 13 6 11 7 9
15 7 0 2 3 13 6 12 8 10
15 7 0 2 3 13 5 7 9 11
15 7 0 2 3 13 5 10 7 9
15 7 0 2 3 13 5 10 7 12
15 7 0 2 3 13 5 10 6 8
15 7 0 2 3 13 5 10 6 12
15 7 0 2 3 13 5 11 7 9
15 7 0 2 3 13 5 11 7 12
15 7 0 2 3 13 4 9 6 8
15 7 0 2 3 13 4 9 6 11
15 7 0 2 3 13 4 9 5 7
15 7 0 2 3 13 4 9 5 11
15 7 0 2 3 13 4 10 6 8
15 7 0 2 3 13 4 10 6 11
15 7 0 2 3 13 4 10 6 12
15 7 0 2 1 5 9 11 12 14
15 7 0 2 1 5 9 13 12 14
15 7 0 2 1 5 8 10 12 14
15 7 0 2 1 5 8 10 11 13
15 7 0 2 1 5 8 12 11 13
15 7 0 2 1 5 8 12 10 14
15 7 0 2 1 5 7 9 12 14
15 7 0 2 1 5 7 9 11 13
15 7 0 2 1 5 7 9 10 12
15 7 0 2 1 5 7 9 8 12
15 7 0 2 1 5 7 11 10 12
15 7 0 2 1 5 7 11 9 13
15 7 0 2 1 5 6 8 12 14
15 7 0 2 1 5 6 8 11 13
15 7 0 2 1 5 6 8 10 12
15 7 0 2 1 5 6 8 9 11
15 7 0 2 1 5 6 8 7 11
15 7 0 2 1 5 6 10 9 11
15 7 0 2 1 5 6 10 8 12
15 7 0 2 1 5 4 6 9 11
15 7 0 2 1 5 4 6 8 10
15 7 0 2 1 5 4 6 8 12
15 7 0 2 1 5 4 6 7 9
15 7 0 2 1 5 4 6 7 11
15 7 0 2 1 5 4 9 12 14
15 7 0 2 1 5 4 9 11 13
15 7 0 2 1 5 4 9 10 12
15 7 0 2 1 5 4 9 8 10
15 7 0 2 1 5 4 9 8 12
15 7 0 2 1 5 4 9 7 11
15 7 0 2 1 5 4 10 7 9
15 7 0 2 1 5 4 10 7 11
15 7 0 2 1 5 4 10 6 8
15 7 0 2 1 5 4 13 10 12
15 7 0 2 1 5 4 13 10 14
15 7 0 2 1 5 4 13 9 11
15 7 0 2 1 5 4 13 8 10
15 7 0 2 1 5 4 13 8 12
15 7 0 2 1 5 4 13 7 9
15 7 0 2 1 5 4 13 7 11
15 7 0 2 1 5 4 13 6 8
15 7 0 2 1 5 4 13 6 10
15 7 0 2 1 5 4 14 11 13
15 7 0 2 1 5 4 14 10 12
15 7 0 2 1 5 4 14 9 11
15 7 0 2 1 5 4 14 8 10
15 7 0 2 1 5 4 14 7 9
15 7 0 2 1 5 4 14 6 8
15 7 0 2 1 5 3 7 12 14
15 7 0 2 1 5 3 7 11 13
15 7 0 2 1 5 3 7 10 12
15 7 0 2 1 5 3 7 9 11
15 7 0 2 1 5 3 7 8 10
15 7 0 2 1 5 3 7 4 10
15 7 0 2 1 5 3 7 4 13
15 7 0 2 1 6 9 11 12 14
15 7 0 2 1 6 8 10 12 14
15 7 0 2 1 6 8 10 11 13
15 7 0 2 1 6 8 14 11 13
15 7 0 2 1 6 8 14 10 12
15 7 0 2 1 6 8 14 9 11
15 7 0 2 1 6 7 9 12 14
15 7 0 2 1 6 7 9 11 13
15 7 0 2 1 6 7 9 10 12
15 7 0 2 1 6 7 13 10 12
15 7 0 2 1 6 7 13 9 11
15 7 0 2 1 6 7 13 8 10
15 7 0 2 1 6 5 9 12 14
15 7 0 2 1 6 5 9 11 13
15 7 0 2 1 6 5 9 10 12
15 7 0 2 1 6 5 10 9 11
15 7 0 2 1 6 5 10 7 9
15 7 0 2 1 6 5 10 7 13
15 7 0 2 1 6 5 14 11 13
15 7 0 2 1 6 5 14 10 12
15 7 0 2 1 6 5 14 9 11
15 7 0 2 1 6 5 14 8 10
15 7 0 2 1 6 5 14 7 9
15 7 0 2 1 6 5 14 7 13
15 7 0 2 1 6 4 10 5 14
15 7 0 2 1 6 4 14 11 13
15 7 0 2 1 6 4 14 10 12
15 7 0 2 1 6 4 14 9 11
15 7 0 2 1 6 4 14 8 10
15 7 0 2 1 6 4 14 7 9
15 7 0 2 1 6 4 14 5 10
15 7 0 2 1 6 3 5 12 14
15 7 0 2 1 6 3 5 11 13
15 7 0 2 1 6 3 5 10 12
15 7 0 2 1 6 3 5 9 11
15 7 0 2 1 6 3 5 8 10
15 7 0 2 1 6 3 5 7 9
15 7 0 2 1 6 3 7 12 14
15 7 0 2 1 6 3 7 11 13
15 7 0 2 1 6 3 7 10 12
15 7 0 2 1 6 3 7 9 11
15 7 0 2 1 6 3 7 8 10
15 7 0 2 1 6 3 7 8 14
15 7 0 2 1 6 3 7 5 10
15 7 0 2 1 6 3 7 4 10
15 7 0 2 1 6 3 8 12 14
15 7 0 2 1 6 3 8 11 13
15 7 0 2 1 6 3 8 10 12
15 7 0 2 1 6 3 8 9 11
15 7 0 2 1 6 3 8 4 10
15 7 0 2 1 6 3 12 9 11
15 7 0 2 1 6 3 12 8 10
15 7 0 2 1 6 3 12 8 14
15 7 0 2 1 6 3 12 7 9
15 7 0 2 1 6 3 12 5 9
15 7 0 2 1 6 3 12 4 10
15 7 0 2 1 6 3 12 4 14
15 7 0 4 2 6 7 11 9 13
15 7 0 4 1 6 3 12 8 14
15 7 0 4 1 6 2 12 3 8
15 7 0 4 1 7 6 10 8 12
15 7 0 4 1 7 6 12 9 13
15 7 0 4 1 7 3 8 6 12
15 7 0 4 1 7 3 8 5 11
15 7 0 4 1 7 3 9 10 14
15 7 0 4 1 7 3 9 5 11
15 7 0 4 1 7 2 13 8 12
15 7 0 4 1 7 2 13 3 9
15 7 0 4 1 10 5 9 8 14
15 7 0 4 1 10 3 8 5 11
15 7 0 4 1 10 3 9 5 11
15 7 0 4 1 10 2 6 5 11
15 7 0 4 1 10 2 7 8 14
15 7 0 4 1 10 2 7 5 11
15 7 0 5 2 8 3 12 7 13
15 7 0 5 1 7 6 12 8 14
15 7 0 5 1 7 4 9 8 13
15 7 0 5 1 7 4 9 6 12
15 7 0 5 1 7 3 12 9 14
15 7 0 5 1 7 3 12 4 9
15 7 0 5 1 7 3 13 4 9
15 7 0 5 1 7 2 11 9 14
15 7 0 5 1 7 2 11 8 13
15 7 0 5 1 7 2 11 6 12
15 7 0 5 1 7 2 11 3 13
15 7 0 5 1 11 2 7 9 14
