15 5 0 2 3 5 6 8 9 11 12 14
15 5 0 2 3 7 4 13 6 11 8 14
15 5 0 2 3 7 4 13 5 10 8 14
15 5 0 2 3 8 5 7 9 14 10 12
15 5 0 2 3 8 4 6 9 14 11 13
15 5 0 2 3 8 4 6 9 14 10 12
15 5 0 2 3 9 5 10 7 12 8 14
15 5 0 2 3 9 4 13 6 11 8 14
15 5 0 2 3 9 4 13 5 10 8 14
15 5 0 2 3 9 4 13 5 10 6 8
15 5 0 2 3 9 4 13 5 11 6 8
15 5 0 2 3 12 4 10 5 14 7 9
15 5 0 2 3 12 4 14 7 13 8 10
15 5 0 2 3 12 4 14 6 11 8 10
15 5 0 2 3 12 4 14 6 11 7 9
15 5 0 2 3 12 4 14 5 10 7 9
15 5 0 2 3 12 4 14 5 10 6 8
15 5 0 2 1 5 6 8 9 11 12 14
15 5 0 2 1 5 4 6 8 10 11 13
15 5 0 2 1 5 4 6 8 10 9 13
15 5 0 2 1 5 4 6 7 9 12 14
15 5 0 2 1 5 4 6 7 9 11 13
15 5 0 2 1 5 4 6 7 9 10 12
15 5 0 2 1 5 4 6 7 9 8 12
15 5 0 2 1 5 4 6 7 11 10 12
15 5 0 2 1 5 4 6 7 11 9 13
15 5 0 2 1 5 4 9 8 10 12 14
15 5 0 2 1 5 4 9 8 10 11 13
15 5 0 2 1 5 4 9 8 12 11 13
15 5 0 2 1 5 4 10 6 8 7 11
15 5 0 2 1 5 4 13 8 12 10 14
15 5 0 2 1 5 4 14 8 10 11 13
15 5 0 2 1 5 4 14 7 9 11 13
15 5 0 2 1 5 4 14 7 9 10 12
15 5 0 2 1 5 4 14 6 8 11 13
15 5 0 2 1 5 4 14 6 8 10 12
15 5 0 2 1 5 4 14 6 8 9 11
15 5 0 2 1 5 3 7 9 11 12 14
15 5 0 2 1 5 3 7 8 10 12 14
15 5 0 2 1 5 3 7 8 10 11 13
15 5 0 2 1 6 5 14 7 13 10 12
15 5 0 2 1 6 5 14 7 13 9 11
15 5 0 2 1 6 5 14 7 13 8 10
15 5 0 2 1 6 4 14 8 10 11 13
15 5 0 2 1 6 4 14 7 9 11 13
15 5 0 2 1 6 4 14 7 9 10 12
15 5 0 2 1 6 4 14 5 10 7 9
15 5 0 2 1 6 3 5 9 11 12 14
15 5 0 2 1 6 3 5 8 10 12 14
15 5 0 2 1 6 3 5 8 10 11 13
15 5 0 2 1 6 3 5 7 9 12 14
15 5 0 2 1 6 3 5 7 9 11 13
15 5 0 2 1 6 3 5 7 9 10 12
15 5 0 2 1 6 3 7 9 11 12 14
15 5 0 2 1 6 3 7 8 10 12 14
15 5 0 2 1 6 3 7 8 10 11 13
15 5 0 2 1 6 3 7 8 14 11 13
15 5 0 2 1 6 3 7 8 14 10 12
15 5 0 2 1 6 3 7 8 14 9 11
15 5 0 2 1 6 3 12 4 14 9 11
15 5 0 2 1 6 3 12 4 14 8 10
15 5 0 2 1 6 3 12 4 14 7 9
