17 7 0 4 5 11 6 15 8 13 10 16
17 7 0 4 2 6 7 16 8 12 10 15
17 7 0 4 2 7 5 11 9 14 12 16
17 7 0 4 2 7 5 11 8 13 10 15
17 7 0 4 2 7 5 13 9 14 11 16
17 7 0 4 2 7 5 14 6 11 9 13
17 7 0 4 2 7 5 14 6 11 8 16
17 7 0 4 1 7 6 11 10 14 12 16
17 7 0 4 1 7 6 14 8 12 9 15
17 7 0 4 1 7 6 15 10 14 12 16
17 7 0 4 1 7 6 15 8 14 10 16
17 7 0 4 1 7 2 14 9 13 11 15
17 7 0 4 1 7 2 14 6 10 8 12
17 7 0 4 1 7 2 15 6 11 8 14
17 7 0 4 1 10 7 16 8 13 11 15
17 7 0 4 1 10 3 9 7 13 8 16
17 7 0 4 1 10 3 9 6 14 8 16
17 7 0 4 1 10 3 9 6 14 7 12
17 7 0 4 1 10 3 9 6 15 8 13
17 7 0 4 1 10 3 9 6 15 7 12
17 7 0 4 1 10 3 9 6 15 7 13
17 7 0 4 1 10 3 9 5 11 7 13
17 7 0 4 1 10 3 9 5 11 6 14
17 7 0 4 1 10 3 9 5 14 7 12
17 7 0 4 1 10 2 6 8 13 11 15
17 7 0 4 1 10 2 6 7 12 11 15
17 7 0 4 1 10 2 6 7 12 9 14
17 7 0 4 1 10 2 6 7 12 9 15
17 7 0 4 1 10 2 6 7 16 9 14
17 7 0 4 1 10 2 6 7 16 8 13
17 7 0 4 1 10 2 6 5 11 9 14
17 7 0 4 1 10 2 6 5 11 8 13
17 7 0 4 1 10 2 7 8 16 9 14
17 7 0 4 1 10 2 7 5 14 12 16
17 7 0 4 1 10 2 7 5 14 8 12
17 7 0 4 1 10 2 7 5 14 8 16
17 7 0 4 1 10 2 14 7 12 9 15
17 7 0 4 1 10 2 14 7 16 9 15
17 7 0 4 1 10 2 14 5 9 7 12
17 7 0 4 1 12 6 15 8 14 10 16
17 7 0 4 1 12 5 11 8 13 10 15
17 7 0 4 1 12 2 6 8 13 10 15
17 7 0 4 1 12 2 6 7 16 10 15
17 7 0 4 1 12 2 6 7 16 9 14
17 7 0 4 1 13 3 8 5 14 6 10
17 7 0 4 1 13 2 6 8 12 11 16
17 7 0 4 1 13 2 6 8 12 10 14
17 7 0 4 1 13 2 6 8 14 11 16
17 7 0 4 1 13 2 10 5 14 8 12
17 7 0 5 1 9 3 12 7 16 10 15
17 7 0 5 1 9 3 12 4 10 7 15
17 7 0 5 1 9 2 7 3 14 11 16
17 7 0 6 1 9 3 11 5 13 7 15
17 7 0 6 1 9 3 11 4 15 5 13
17 7 0 6 1 9 2 13 3 11 4 15
