19 7 0 2 3 8 6 12 9 18 10 16 13 15
19 7 0 2 3 8 4 18 5 15 9 14 11 13
19 7 0 2 3 8 4 18 5 15 9 14 10 12
19 7 0 2 3 9 5 18 6 15 7 13 10 12
19 7 0 2 3 9 4 6 7 13 10 18 11 16
19 7 0 2 3 9 4 18 6 15 7 13 10 12
19 7 0 2 3 11 5 18 7 16 9 15 12 14
19 7 0 2 3 12 5 18 6 16 8 14 9 11
19 7 0 2 1 9 4 17 6 15 7 13 10 12
19 7 0 2 1 9 4 18 6 16 7 12 13 15
19 7 0 2 1 9 4 18 6 16 7 13 10 12
19 7 0 2 1 9 3 17 5 15 7 13 10 12
19 7 0 2 1 9 3 17 4 13 6 11 14 16
19 7 0 2 1 10 5 14 6 8 9 18 11 17
19 7 0 2 1 10 4 9 7 13 11 17 14 16
19 7 0 2 1 10 4 9 7 16 12 18 13 15
19 7 0 2 1 10 4 17 6 16 8 14 11 13
19 7 0 2 1 10 4 18 7 16 8 14 11 13
19 7 0 2 1 10 3 5 6 14 9 18 11 17
19 7 0 2 1 10 3 8 9 18 11 17 14 16
19 7 0 2 1 10 3 8 9 18 11 17 13 15
19 7 0 2 1 10 3 8 9 18 11 17 12 14
19 7 0 2 1 10 3 8 6 14 12 18 15 17
19 7 0 2 1 10 3 8 5 7 9 18 11 17
19 7 0 2 1 10 3 8 5 13 11 17 14 16
19 7 0 2 1 10 3 8 5 14 9 18 15 17
19 7 0 2 1 10 3 8 5 14 9 18 11 13
19 7 0 2 1 10 3 8 4 6 9 18 11 17
19 7 0 2 1 10 3 11 4 9 12 18 15 17
19 7 0 2 1 10 3 11 4 9 12 18 14 16
19 7 0 2 1 10 3 11 4 9 12 18 13 15
19 7 0 2 1 10 3 11 4 9 7 15 16 18
19 7 0 2 1 10 3 11 4 9 6 15 16 18
19 7 0 2 1 10 3 17 4 14 6 12 7 9
