21 7 0 2 1 6 3 7 8 20 9 13 11 19 14 18
21 7 0 2 1 6 3 7 8 20 9 17 10 14 15 19
21 7 0 2 1 10 5 15 6 8 9 20 12 14 17 19
21 7 0 2 1 10 5 15 6 8 9 20 12 14 16 18
21 7 0 2 1 10 5 15 6 8 9 20 11 13 17 19
21 7 0 2 1 10 5 15 6 8 9 20 11 13 16 18
21 7 0 2 1 10 3 5 6 15 9 20 12 14 17 19
21 7 0 2 1 10 3 5 6 15 9 20 12 14 16 18
21 7 0 2 1 10 3 5 6 15 9 20 11 13 17 19
21 7 0 2 1 10 3 5 6 15 9 20 11 13 16 18
21 7 0 2 1 11 3 5 6 15 10 20 12 14 17 19
21 7 0 2 1 11 3 5 6 15 10 20 12 14 16 18
21 7 0 2 1 11 3 5 6 15 7 9 10 20 17 19
21 7 0 2 1 11 3 5 6 15 7 9 10 20 16 18
21 7 0 2 1 11 3 5 6 16 10 20 13 15 17 19
21 7 0 2 1 11 3 5 6 16 10 20 12 14 17 19
21 7 0 2 1 11 3 5 6 16 7 9 10 20 13 15
21 7 0 2 1 11 3 5 6 16 7 9 10 20 12 14
21 7 0 2 1 11 3 12 7 17 8 10 14 16 18 20
21 7 0 2 1 11 3 12 7 17 8 10 13 15 18 20
21 7 0 2 1 11 3 12 4 6 7 17 14 16 18 20
21 7 0 2 1 11 3 12 4 6 7 17 13 15 18 20
