BLOCK 3 4 4 3 1 4
BLOCK 3 5 4 3 2 5
BLOCK 3 7 8 3 1 4 5 2 8 7
BLOCK 3 12 8 3 2 8 11 10 13 12
BLOCK 3 13 8 3 2 8 11 9 12 13
BLOCK 3 14 32 3 2 8 7 6 63 62 57 59 55 54 49 51 47 46 41 43 39 38 33 35 31 30 25 27 23 22 17 19 15 14
BLOCK 3 16 32 3 2 8 7 6 63 62 57 59 55 54 49 51 47 46 41 43 39 38 33 35 31 30 25 27 23 22 17 19 15 16
BLOCK 3 20 16 3 1 6 7 8 11 9 12 13 10 16 15 19 17 20
BLOCK 3 21 16 3 1 6 7 8 11 9 12 13 10 16 15 19 18 21
BLOCK 3 22 16 3 1 4 5 2 8 11 9 14 15 19 18 24 23 22
BLOCK 3 24 16 3 1 4 5 2 8 11 9 14 15 19 17 22 23 24
BLOCK 3 28 16 3 2 8 11 9 14 15 19 17 22 23 27 26 29 28
BLOCK 3 29 16 3 2 8 11 9 14 15 19 17 22 23 27 25 28 29
BLOCK 3 30 32 3 1 4 5 2 8 7 6 63 62 57 59 55 54 49 51 47 46 41 43 39 38 33 35 31 32 26 29 28 25 30
BLOCK 3 32 32 3 1 4 5 2 8 7 6 63 62 57 59 55 54 49 51 47 46 41 43 39 38 33 35 31 30 25 28 29 26 32
BLOCK 3 36 32 3 1 4 5 2 8 7 6 63 62 57 59 55 54 49 52 53 50 51 47 46 41 44 45 42 43 39 40 34 37 36
BLOCK 3 37 32 3 1 4 5 2 8 7 6 63 62 57 59 55 54 49 52 53 50 51 47 46 41 44 45 42 43 39 38 33 36 37
BLOCK 3 38 32 3 1 4 5 2 8 7 6 63 62 57 60 61 58 59 55 54 49 52 53 50 51 47 46 41 44 45 42 43 39 38
BLOCK 3 40 32 3 1 4 5 2 8 7 6 63 62 57 60 61 58 59 55 54 49 52 53 50 51 47 46 41 44 45 42 43 39 40
BLOCK 3 44 16 3 1 6 63 62 57 59 55 54 49 51 47 46 41 44
BLOCK 3 45 16 3 1 6 63 62 57 59 55 54 49 51 47 48 42 45
BLOCK 3 46 16 3 2 8 7 6 63 62 57 59 55 54 49 51 47 46
BLOCK 3 48 16 3 2 8 7 6 63 62 57 59 55 54 49 51 47 48
BLOCK 3 52 16 3 1 6 63 62 57 60 61 58 59 55 56 50 53 52
BLOCK 3 53 16 3 1 6 63 62 57 60 61 58 59 55 54 49 52 53
BLOCK 3 54 16 3 2 5 4 1 6 63 62 57 60 61 58 59 55 54
BLOCK 3 56 16 3 2 5 4 1 6 63 62 57 60 61 58 59 55 56
BLOCK 3 60 8 3 1 6 63 62 57 60
BLOCK 3 61 8 3 1 6 63 64 58 61
BLOCK 3 62 8 3 2 8 7 6 63 62
BLOCK 3 64 8 3 2 8 7 6 63 64
BLOCK 4 5 8 4 1 6 7 8 2 5
BLOCK 4 7 8 4 5 2 3 1 6 7
BLOCK 4 12 8 4 5 2 8 11 9 12
BLOCK 4 13 8 4 5 2 8 11 10 13
BLOCK 4 14 8 4 5 2 8 11 9 14
BLOCK 4 16 8 4 5 2 8 11 10 16
BLOCK 4 20 16 4 1 3 2 8 11 9 12 13 10 16 15 19 17 20
BLOCK 4 21 16 4 1 3 2 8 11 9 12 13 10 16 15 19 18 21
BLOCK 4 22 16 4 1 3 2 8 11 9 12 13 10 16 15 19 17 22
BLOCK 4 24 16 4 1 3 2 8 11 9 12 13 10 16 15 19 18 24
BLOCK 4 28 16 4 5 2 8 11 9 14 15 19 17 22 23 27 25 28
BLOCK 4 29 16 4 5 2 8 11 9 14 15 19 17 22 23 27 26 29
BLOCK 4 30 16 4 5 2 8 11 9 14 15 19 17 22 23 27 25 30
BLOCK 4 32 16 4 5 2 8 11 9 14 15 19 17 22 23 27 26 32
BLOCK 4 36 32 4 1 3 2 8 7 6 63 62 57 59 55 54 49 52 53 50 51 47 46 41 44 45 42 43 39 40 34 35 33 36
BLOCK 4 37 32 4 1 3 2 8 7 6 63 62 57 59 55 54 49 52 53 50 51 47 46 41 44 45 42 43 39 38 33 35 34 37
BLOCK 4 38 32 4 1 3 2 8 7 6 63 62 57 59 55 54 49 52 53 50 51 47 46 41 44 45 42 43 39 40 34 35 33 38
BLOCK 4 40 32 4 1 3 2 8 7 6 63 62 57 59 55 54 49 52 53 50 51 47 46 41 44 45 42 43 39 38 33 35 34 40
BLOCK 4 44 16 4 1 6 63 62 57 59 55 54 49 51 47 46 41 44
BLOCK 4 45 16 4 1 6 63 62 57 59 55 54 49 51 47 48 42 45
BLOCK 4 46 32 4 5 2 8 11 9 12 13 10 16 15 19 17 20 21 18 24 23 27 25 30 31 35 33 38 39 43 42 48 47 46
BLOCK 4 48 32 4 5 2 8 11 9 12 13 10 16 15 19 17 20 21 18 24 23 27 25 30 31 35 33 38 39 43 41 46 47 48
BLOCK 4 52 16 4 1 3 2 8 7 6 63 62 57 59 55 54 49 52
BLOCK 4 53 16 4 1 3 2 8 7 6 63 62 57 59 55 56 50 53
BLOCK 4 54 16 4 5 2 3 1 6 63 62 57 60 61 58 59 55 54
BLOCK 4 56 16 4 5 2 3 1 6 63 62 57 60 61 58 59 55 56
BLOCK 4 60 8 4 1 6 63 62 57 60
BLOCK 4 61 8 4 1 6 63 64 58 61
BLOCK 4 62 32 4 5 2 8 11 9 14 15 19 17 22 23 27 25 30 31 35 33 38 39 43 41 46 47 51 49 54 55 59 57 62
BLOCK 4 64 32 4 5 2 8 11 9 14 15 19 17 22 23 27 25 30 31 35 33 38 39 43 41 46 47 51 49 54 55 59 58 64
BLOCK 5 7 8 5 4 1 3 2 8 7
BLOCK 5 12 8 5 2 8 11 10 13 12
BLOCK 5 13 8 5 2 8 11 9 12 13
BLOCK 5 14 16 5 2 3 1 6 7 8 11 9 12 13 10 16 15 14
BLOCK 5 16 16 5 2 3 1 6 7 8 11 10 13 12 9 14 15 16
BLOCK 5 20 16 5 2 3 1 6 7 8 11 9 14 15 19 18 21 20
BLOCK 5 21 16 5 2 3 1 6 7 8 11 9 14 15 19 17 20 21
BLOCK 5 22 16 5 2 8 11 9 12 13 10 16 15 19 18 24 23 22
BLOCK 5 24 16 5 2 8 11 9 12 13 10 16 15 19 17 22 23 24
BLOCK 5 28 16 5 2 8 11 9 14 15 19 17 22 23 27 26 29 28
BLOCK 5 29 16 5 2 8 11 9 14 15 19 17 22 23 27 25 28 29
BLOCK 5 30 32 5 2 3 1 6 63 62 57 59 55 54 49 51 47 46 41 43 39 38 33 36 37 34 35 31 32 26 29 28 25 30
BLOCK 5 32 32 5 2 3 1 6 63 62 57 59 55 54 49 51 47 46 41 43 39 38 33 36 37 34 35 31 30 25 28 29 26 32
BLOCK 5 36 32 5 2 3 1 6 7 8 11 9 12 13 10 16 15 19 17 20 21 18 24 23 27 25 28 29 26 32 31 35 33 36
BLOCK 5 37 32 5 2 3 1 6 7 8 11 9 12 13 10 16 15 19 17 20 21 18 24 23 27 25 28 29 26 32 31 35 34 37
BLOCK 5 38 32 5 2 3 1 6 7 8 11 9 12 13 10 16 15 19 17 20 21 18 24 23 27 25 28 29 26 32 31 35 33 38
BLOCK 5 40 32 5 2 3 1 6 7 8 11 9 12 13 10 16 15 19 17 20 21 18 24 23 27 25 28 29 26 32 31 35 34 40
BLOCK 5 44 32 5 2 3 1 6 7 8 11 9 14 15 19 17 22 23 27 25 30 31 35 33 38 39 43 41 46 47 48 42 45 44
BLOCK 5 45 32 5 2 3 1 6 7 8 11 9 14 15 19 17 22 23 27 25 30 31 35 33 38 39 43 42 48 47 46 41 44 45
BLOCK 5 46 16 5 2 3 1 6 63 62 57 59 55 54 49 51 47 46
BLOCK 5 48 16 5 2 3 1 6 63 62 57 59 55 54 49 51 47 48
BLOCK 5 52 16 5 2 3 1 6 63 62 57 59 55 56 50 51 49 52
BLOCK 5 53 16 5 2 3 1 6 63 62 57 59 55 54 49 51 50 53
BLOCK 5 54 16 5 2 3 1 6 63 62 57 59 55 56 50 51 49 54
BLOCK 5 56 16 5 2 3 1 6 63 62 57 59 55 54 49 51 50 56
BLOCK 5 60 16 5 4 1 3 2 8 7 6 63 62 57 59 58 61 60
BLOCK 5 61 16 5 4 1 3 2 8 7 6 63 64 58 59 57 60 61
BLOCK 5 62 8 5 2 3 1 6 63 62
BLOCK 5 64 8 5 2 3 1 6 63 64
BLOCK 7 12 16 7 6 1 4 5 2 8 11 9 14 15 16 10 13 12
BLOCK 7 13 16 7 6 1 4 5 2 8 11 10 16 15 14 9 12 13
BLOCK 7 14 8 7 8 11 10 16 15 14
BLOCK 7 16 8 7 8 11 9 14 15 16
BLOCK 7 20 16 7 6 1 4 5 2 8 11 9 14 15 19 18 21 20
BLOCK 7 21 16 7 6 1 4 5 2 8 11 9 14 15 19 17 20 21
BLOCK 7 22 16 7 6 1 3 2 8 11 9 14 15 19 18 24 23 22
BLOCK 7 24 16 7 6 1 3 2 8 11 9 14 15 19 17 22 23 24
BLOCK 7 28 32 7 6 63 62 57 59 55 54 49 51 47 46 41 44 45 42 43 39 38 33 36 37 34 35 31 30 25 27 26 29 28
BLOCK 7 29 32 7 6 63 62 57 59 55 54 49 51 47 46 41 44 45 42 43 39 38 33 36 37 34 35 31 32 26 27 25 28 29
BLOCK 7 30 16 7 8 11 9 14 15 19 17 22 23 27 26 32 31 30
BLOCK 7 32 16 7 8 11 9 14 15 19 17 22 23 27 25 30 31 32
BLOCK 7 36 32 7 6 1 3 2 8 11 9 12 13 10 16 15 19 17 20 21 18 24 23 27 25 28 29 26 32 31 35 34 37 36
BLOCK 7 37 32 7 6 1 3 2 8 11 9 12 13 10 16 15 19 17 20 21 18 24 23 27 25 28 29 26 32 31 35 33 36 37
BLOCK 7 38 32 7 6 1 4 5 2 8 11 9 12 13 10 16 15 19 17 20 21 18 24 23 27 25 28 29 26 32 31 35 33 38
BLOCK 7 40 32 7 6 1 4 5 2 8 11 9 12 13 10 16 15 19 17 20 21 18 24 23 27 25 28 29 26 32 31 35 34 40
BLOCK 7 44 16 7 6 63 62 57 59 55 54 49 51 47 48 42 45 44
BLOCK 7 45 16 7 6 63 62 57 59 55 54 49 51 47 46 41 44 45
BLOCK 7 46 16 7 6 63 62 57 59 55 54 49 52 53 50 51 47 46
BLOCK 7 48 16 7 6 63 62 57 59 55 54 49 52 53 50 51 47 48
BLOCK 7 52 16 7 6 63 62 57 60 61 58 59 55 56 50 51 49 52
BLOCK 7 53 16 7 6 63 62 57 60 61 58 59 55 54 49 51 50 53
BLOCK 7 54 16 7 6 63 62 57 60 61 58 59 55 56 50 51 49 54
BLOCK 7 56 16 7 6 63 62 57 60 61 58 59 55 54 49 51 50 56
BLOCK 7 60 8 7 6 63 64 58 61 60
BLOCK 7 61 8 7 6 63 62 57 60 61
BLOCK 7 62 32 7 8 11 9 14 15 19 17 22 23 27 25 30 31 35 33 38 39 43 41 46 47 51 49 54 55 59 58 64 63 62
BLOCK 7 64 32 7 8 11 9 14 15 19 17 22 23 27 25 30 31 35 33 38 39 43 41 46 47 51 49 54 55 59 57 62 63 64
BLOCK 12 13 8 12 9 14 15 16 10 13
BLOCK 12 14 4 12 9 14
LEGAL 12 16
BLOCK 12 20 8 12 9 14 15 19 17 20
BLOCK 12 21 8 12 9 14 15 19 18 21
BLOCK 12 22 8 12 9 14 15 19 17 22
BLOCK 12 24 8 12 9 14 15 19 18 24
BLOCK 12 28 16 12 9 14 15 19 17 20 21 18 24 23 27 26 29 28
BLOCK 12 29 16 12 9 14 15 19 17 20 21 18 24 23 27 25 28 29
BLOCK 12 30 16 12 9 11 10 16 15 19 17 22 23 27 26 32 31 30
BLOCK 12 32 16 12 9 11 10 16 15 19 17 22 23 27 25 30 31 32
BLOCK 12 36 16 12 9 14 15 19 17 22 23 27 25 30 31 35 33 36
BLOCK 12 37 16 12 9 14 15 19 17 22 23 27 25 30 31 35 34 37
BLOCK 12 38 16 12 9 14 15 19 17 22 23 27 25 30 31 35 33 38
BLOCK 12 40 16 12 9 14 15 19 17 22 23 27 25 30 31 35 34 40
BLOCK 12 44 32 12 9 11 10 16 15 19 17 20 21 18 24 23 27 25 28 29 26 32 31 35 33 36 37 34 40 39 43 42 45 44
BLOCK 12 45 32 12 9 11 10 16 15 19 17 20 21 18 24 23 27 25 28 29 26 32 31 35 33 36 37 34 40 39 43 41 44 45
BLOCK 12 46 32 12 9 14 15 16 10 11 8 2 5 4 1 6 63 62 57 59 55 54 49 52 53 50 51 47 48 42 45 44 41 46
BLOCK 12 48 32 12 9 14 15 16 10 11 8 2 5 4 1 6 63 62 57 59 55 54 49 52 53 50 51 47 46 41 44 45 42 48
BLOCK 12 52 16 12 9 11 8 7 6 63 62 57 59 55 56 50 53 52
BLOCK 12 53 16 12 9 11 8 7 6 63 62 57 59 55 54 49 52 53
BLOCK 12 54 16 12 9 11 8 2 5 4 1 6 63 62 57 59 55 54
BLOCK 12 56 16 12 9 11 8 2 5 4 1 6 63 62 57 59 55 56
BLOCK 12 60 16 12 9 11 8 2 3 1 6 63 62 57 59 58 61 60
BLOCK 12 61 16 12 9 11 8 2 3 1 6 63 64 58 59 57 60 61
BLOCK 12 62 16 12 9 11 8 2 3 1 6 63 64 58 61 60 57 62
BLOCK 12 64 16 12 9 11 8 2 3 1 6 63 62 57 60 61 58 64
LEGAL 13 14
BLOCK 13 16 4 13 10 16
BLOCK 13 20 8 13 10 16 15 19 17 20
BLOCK 13 21 8 13 10 16 15 19 18 21
BLOCK 13 22 8 13 10 16 15 19 17 22
BLOCK 13 24 8 13 10 16 15 19 18 24
BLOCK 13 28 16 13 10 16 15 19 17 20 21 18 24 23 27 26 29 28
BLOCK 13 29 16 13 10 16 15 19 17 20 21 18 24 23 27 25 28 29
BLOCK 13 30 16 13 10 11 9 14 15 19 17 22 23 27 26 32 31 30
BLOCK 13 32 16 13 10 11 9 14 15 19 17 22 23 27 25 30 31 32
BLOCK 13 36 16 13 10 16 15 19 17 22 23 27 25 30 31 35 33 36
BLOCK 13 37 16 13 10 16 15 19 17 22 23 27 25 30 31 35 34 37
BLOCK 13 38 16 13 10 16 15 19 17 22 23 27 25 30 31 35 33 38
BLOCK 13 40 16 13 10 16 15 19 17 22 23 27 25 30 31 35 34 40
BLOCK 13 44 32 13 10 11 9 14 15 19 17 20 21 18 24 23 27 25 28 29 26 32 31 35 33 36 37 34 40 39 43 42 45 44
BLOCK 13 45 32 13 10 11 9 14 15 19 17 20 21 18 24 23 27 25 28 29 26 32 31 35 33 36 37 34 40 39 43 41 44 45
BLOCK 13 46 32 13 10 16 15 14 9 11 8 2 5 4 1 6 63 62 57 59 55 54 49 52 53 50 51 47 48 42 45 44 41 46
BLOCK 13 48 32 13 10 16 15 14 9 11 8 2 5 4 1 6 63 62 57 59 55 54 49 52 53 50 51 47 46 41 44 45 42 48
BLOCK 13 52 16 13 10 11 8 7 6 63 62 57 59 55 56 50 53 52
BLOCK 13 53 16 13 10 11 8 7 6 63 62 57 59 55 54 49 52 53
BLOCK 13 54 16 13 10 11 8 2 5 4 1 6 63 62 57 59 55 54
BLOCK 13 56 16 13 10 11 8 2 5 4 1 6 63 62 57 59 55 56
BLOCK 13 60 16 13 10 11 8 2 3 1 6 63 62 57 59 58 61 60
BLOCK 13 61 16 13 10 11 8 2 3 1 6 63 64 58 59 57 60 61
BLOCK 13 62 16 13 10 11 8 2 3 1 6 63 64 58 61 60 57 62
BLOCK 13 64 16 13 10 11 8 2 3 1 6 63 62 57 60 61 58 64
BLOCK 14 16 4 14 15 16
BLOCK 14 20 16 14 9 12 13 10 16 15 19 17 22 23 24 18 21 20
BLOCK 14 21 16 14 9 12 13 10 16 15 19 18 24 23 22 17 20 21
BLOCK 14 22 8 14 15 19 18 24 23 22
BLOCK 14 24 8 14 15 19 17 22 23 24
BLOCK 14 28 16 14 9 12 13 10 16 15 19 17 22 23 27 26 29 28
BLOCK 14 29 16 14 9 12 13 10 16 15 19 17 22 23 27 25 28 29
BLOCK 14 30 16 14 9 11 10 16 15 19 17 22 23 27 26 32 31 30
BLOCK 14 32 16 14 9 11 10 16 15 19 17 22 23 27 25 30 31 32
BLOCK 14 36 32 14 9 11 8 2 3 1 6 63 62 57 59 55 54 49 52 53 50 51 47 46 41 44 45 42 43 39 40 34 37 36
BLOCK 14 37 32 14 9 11 8 2 3 1 6 63 62 57 59 55 54 49 52 53 50 51 47 46 41 44 45 42 43 39 38 33 36 37
BLOCK 14 38 16 14 15 19 17 22 23 27 25 30 31 35 34 40 39 38
BLOCK 14 40 16 14 15 19 17 22 23 27 25 30 31 35 33 38 39 40
BLOCK 14 44 32 14 9 11 10 16 15 19 17 20 21 18 24 23 27 25 28 29 26 32 31 35 33 36 37 34 40 39 43 42 45 44
BLOCK 14 45 32 14 9 11 10 16 15 19 17 20 21 18 24 23 27 25 28 29 26 32 31 35 33 36 37 34 40 39 43 41 44 45
BLOCK 14 46 32 14 9 12 13 10 11 8 2 3 1 6 63 62 57 60 61 58 59 55 54 49 52 53 50 51 47 48 42 43 41 46
BLOCK 14 48 32 14 9 12 13 10 11 8 2 3 1 6 63 62 57 60 61 58 59 55 54 49 52 53 50 51 47 46 41 43 42 48
BLOCK 14 52 16 14 9 11 8 7 6 63 62 57 59 55 56 50 53 52
BLOCK 14 53 16 14 9 11 8 7 6 63 62 57 59 55 54 49 52 53
BLOCK 14 54 16 14 9 11 8 2 5 4 1 6 63 62 57 59 55 54
BLOCK 14 56 16 14 9 11 8 2 5 4 1 6 63 62 57 59 55 56
BLOCK 14 60 16 14 9 11 8 2 3 1 6 63 62 57 59 58 61 60
BLOCK 14 61 16 14 9 11 8 2 3 1 6 63 64 58 59 57 60 61
BLOCK 14 62 16 14 9 11 8 2 3 1 6 63 64 58 61 60 57 62
BLOCK 14 64 16 14 9 11 8 2 3 1 6 63 62 57 60 61 58 64
BLOCK 16 20 16 16 10 13 12 9 14 15 19 17 22 23 24 18 21 20
BLOCK 16 21 16 16 10 13 12 9 14 15 19 18 24 23 22 17 20 21
BLOCK 16 22 8 16 15 19 18 24 23 22
BLOCK 16 24 8 16 15 19 17 22 23 24
BLOCK 16 28 16 16 10 13 12 9 14 15 19 17 22 23 27 26 29 28
BLOCK 16 29 16 16 10 13 12 9 14 15 19 17 22 23 27 25 28 29
BLOCK 16 30 16 16 10 11 9 14 15 19 17 22 23 27 26 32 31 30
BLOCK 16 32 16 16 10 11 9 14 15 19 17 22 23 27 25 30 31 32
BLOCK 16 36 32 16 10 11 8 2 3 1 6 63 62 57 59 55 54 49 52 53 50 51 47 46 41 44 45 42 43 39 40 34 37 36
BLOCK 16 37 32 16 10 11 8 2 3 1 6 63 62 57 59 55 54 49 52 53 50 51 47 46 41 44 45 42 43 39 38 33 36 37
BLOCK 16 38 16 16 15 19 17 22 23 27 25 30 31 35 34 40 39 38
BLOCK 16 40 16 16 15 19 17 22 23 27 25 30 31 35 33 38 39 40
BLOCK 16 44 32 16 10 11 9 14 15 19 17 20 21 18 24 23 27 25 28 29 26 32 31 35 33 36 37 34 40 39 43 42 45 44
BLOCK 16 45 32 16 10 11 9 14 15 19 17 20 21 18 24 23 27 25 28 29 26 32 31 35 33 36 37 34 40 39 43 41 44 45
BLOCK 16 46 32 16 10 13 12 9 11 8 2 3 1 6 63 62 57 60 61 58 59 55 54 49 52 53 50 51 47 48 42 43 41 46
BLOCK 16 48 32 16 10 13 12 9 11 8 2 3 1 6 63 62 57 60 61 58 59 55 54 49 52 53 50 51 47 46 41 43 42 48
BLOCK 16 52 16 16 10 11 8 7 6 63 62 57 59 55 56 50 53 52
BLOCK 16 53 16 16 10 11 8 7 6 63 62 57 59 55 54 49 52 53
BLOCK 16 54 16 16 10 11 8 2 5 4 1 6 63 62 57 59 55 54
BLOCK 16 56 16 16 10 11 8 2 5 4 1 6 63 62 57 59 55 56
BLOCK 16 60 16 16 10 11 8 2 3 1 6 63 62 57 59 58 61 60
BLOCK 16 61 16 16 10 11 8 2 3 1 6 63 64 58 59 57 60 61
BLOCK 16 62 16 16 10 11 8 2 3 1 6 63 64 58 61 60 57 62
BLOCK 16 64 16 16 10 11 8 2 3 1 6 63 62 57 60 61 58 64
BLOCK 20 21 8 20 17 22 23 24 18 21
BLOCK 20 22 4 20 17 22
LEGAL 20 24
BLOCK 20 28 8 20 17 22 23 27 25 28
BLOCK 20 29 8 20 17 22 23 27 26 29
BLOCK 20 30 8 20 17 22 23 27 25 30
BLOCK 20 32 8 20 17 22 23 27 26 32
BLOCK 20 36 16 20 17 22 23 27 25 28 29 26 32 31 35 34 37 36
BLOCK 20 37 16 20 17 22 23 27 25 28 29 26 32 31 35 33 36 37
BLOCK 20 38 16 20 17 19 18 24 23 27 25 30 31 35 34 40 39 38
BLOCK 20 40 16 20 17 19 18 24 23 27 25 30 31 35 33 38 39 40
BLOCK 20 44 16 20 17 22 23 27 25 30 31 35 33 38 39 43 41 44
BLOCK 20 45 16 20 17 22 23 27 25 30 31 35 33 38 39 43 42 45
BLOCK 20 46 16 20 17 22 23 27 25 30 31 35 33 38 39 43 41 46
BLOCK 20 48 16 20 17 22 23 27 25 30 31 35 33 38 39 43 42 48
BLOCK 20 52 32 20 17 19 18 24 23 27 25 28 29 26 32 31 35 33 36 37 34 40 39 43 41 44 45 42 48 47 51 50 53 52
BLOCK 20 53 32 20 17 19 18 24 23 27 25 28 29 26 32 31 35 33 36 37 34 40 39 43 41 44 45 42 48 47 51 49 52 53
BLOCK 20 54 32 20 17 22 23 24 18 19 15 14 9 11 8 2 5 4 1 6 63 62 57 60 61 58 59 55 56 50 53 52 49 54
BLOCK 20 56 32 20 17 22 23 24 18 19 15 14 9 11 8 2 5 4 1 6 63 62 57 60 61 58 59 55 54 49 52 53 50 56
BLOCK 20 60 16 20 17 19 15 14 9 11 8 7 6 63 64 58 61 60
BLOCK 20 61 16 20 17 19 15 14 9 11 8 7 6 63 62 57 60 61
BLOCK 20 62 16 20 17 19 15 14 9 11 8 2 5 4 1 6 63 62
BLOCK 20 64 16 20 17 19 15 14 9 11 8 2 5 4 1 6 63 64
LEGAL 21 22
BLOCK 21 24 4 21 18 24
BLOCK 21 28 8 21 18 24 23 27 25 28
BLOCK 21 29 8 21 18 24 23 27 26 29
BLOCK 21 30 8 21 18 24 23 27 25 30
BLOCK 21 32 8 21 18 24 23 27 26 32
BLOCK 21 36 16 21 18 24 23 27 25 28 29 26 32 31 35 34 37 36
BLOCK 21 37 16 21 18 24 23 27 25 28 29 26 32 31 35 33 36 37
BLOCK 21 38 16 21 18 19 17 22 23 27 25 30 31 35 34 40 39 38
BLOCK 21 40 16 21 18 19 17 22 23 27 25 30 31 35 33 38 39 40
BLOCK 21 44 16 21 18 24 23 27 25 30 31 35 33 38 39 43 41 44
BLOCK 21 45 16 21 18 24 23 27 25 30 31 35 33 38 39 43 42 45
BLOCK 21 46 16 21 18 24 23 27 25 30 31 35 33 38 39 43 41 46
BLOCK 21 48 16 21 18 24 23 27 25 30 31 35 33 38 39 43 42 48
BLOCK 21 52 32 21 18 19 17 22 23 27 25 28 29 26 32 31 35 33 36 37 34 40 39 43 41 44 45 42 48 47 51 50 53 52
BLOCK 21 53 32 21 18 19 17 22 23 27 25 28 29 26 32 31 35 33 36 37 34 40 39 43 41 44 45 42 48 47 51 49 52 53
BLOCK 21 54 32 21 18 24 23 22 17 19 15 14 9 11 8 2 5 4 1 6 63 62 57 60 61 58 59 55 56 50 53 52 49 54
BLOCK 21 56 32 21 18 24 23 22 17 19 15 14 9 11 8 2 5 4 1 6 63 62 57 60 61 58 59 55 54 49 52 53 50 56
BLOCK 21 60 16 21 18 19 15 14 9 11 8 7 6 63 64 58 61 60
BLOCK 21 61 16 21 18 19 15 14 9 11 8 7 6 63 62 57 60 61
BLOCK 21 62 16 21 18 19 15 14 9 11 8 2 5 4 1 6 63 62
BLOCK 21 64 16 21 18 19 15 14 9 11 8 2 5 4 1 6 63 64
BLOCK 22 24 4 22 23 24
BLOCK 22 28 16 22 17 20 21 18 24 23 27 25 30 31 32 26 29 28
BLOCK 22 29 16 22 17 20 21 18 24 23 27 26 32 31 30 25 28 29
BLOCK 22 30 8 22 23 27 26 32 31 30
BLOCK 22 32 8 22 23 27 25 30 31 32
BLOCK 22 36 16 22 17 20 21 18 24 23 27 25 30 31 35 34 37 36
BLOCK 22 37 16 22 17 20 21 18 24 23 27 25 30 31 35 33 36 37
BLOCK 22 38 16 22 17 19 18 24 23 27 25 30 31 35 34 40 39 38
BLOCK 22 40 16 22 17 19 18 24 23 27 25 30 31 35 33 38 39 40
BLOCK 22 44 32 22 17 19 15 14 9 11 8 2 3 1 6 63 62 57 60 61 58 59 55 54 49 52 53 50 51 47 48 42 45 44
BLOCK 22 45 32 22 17 19 15 14 9 11 8 2 3 1 6 63 62 57 60 61 58 59 55 54 49 52 53 50 51 47 46 41 44 45
BLOCK 22 46 16 22 23 27 25 30 31 35 33 38 39 43 42 48 47 46
BLOCK 22 48 16 22 23 27 25 30 31 35 33 38 39 43 41 46 47 48
BLOCK 22 52 32 22 17 19 18 24 23 27 25 28 29 26 32 31 35 33 36 37 34 40 39 43 41 44 45 42 48 47 51 50 53 52
BLOCK 22 53 32 22 17 19 18 24 23 27 25 28 29 26 32 31 35 33 36 37 34 40 39 43 41 44 45 42 48 47 51 49 52 53
BLOCK 22 54 32 22 17 20 21 18 19 15 14 9 12 13 10 11 8 2 3 1 6 63 62 57 60 61 58 59 55 56 50 51 49 54
BLOCK 22 56 32 22 17 20 21 18 19 15 14 9 12 13 10 11 8 2 3 1 6 63 62 57 60 61 58 59 55 54 49 51 50 56
BLOCK 22 60 16 22 17 19 15 14 9 11 8 7 6 63 64 58 61 60
BLOCK 22 61 16 22 17 19 15 14 9 11 8 7 6 63 62 57 60 61
BLOCK 22 62 16 22 17 19 15 14 9 11 8 2 5 4 1 6 63 62
BLOCK 22 64 16 22 17 19 15 14 9 11 8 2 5 4 1 6 63 64
BLOCK 24 28 16 24 18 21 20 17 22 23 27 25 30 31 32 26 29 28
BLOCK 24 29 16 24 18 21 20 17 22 23 27 26 32 31 30 25 28 29
BLOCK 24 30 8 24 23 27 26 32 31 30
BLOCK 24 32 8 24 23 27 25 30 31 32
BLOCK 24 36 16 24 18 21 20 17 22 23 27 25 30 31 35 34 37 36
BLOCK 24 37 16 24 18 21 20 17 22 23 27 25 30 31 35 33 36 37
BLOCK 24 38 16 24 18 19 17 22 23 27 25 30 31 35 34 40 39 38
BLOCK 24 40 16 24 18 19 17 22 23 27 25 30 31 35 33 38 39 40
BLOCK 24 44 32 24 18 19 15 14 9 11 8 2 3 1 6 63 62 57 60 61 58 59 55 54 49 52 53 50 51 47 48 42 45 44
BLOCK 24 45 32 24 18 19 15 14 9 11 8 2 3 1 6 63 62 57 60 61 58 59 55 54 49 52 53 50 51 47 46 41 44 45
BLOCK 24 46 16 24 23 27 25 30 31 35 33 38 39 43 42 48 47 46
BLOCK 24 48 16 24 23 27 25 30 31 35 33 38 39 43 41 46 47 48
BLOCK 24 52 32 24 18 19 17 22 23 27 25 28 29 26 32 31 35 33 36 37 34 40 39 43 41 44 45 42 48 47 51 50 53 52
BLOCK 24 53 32 24 18 19 17 22 23 27 25 28 29 26 32 31 35 33 36 37 34 40 39 43 41 44 45 42 48 47 51 49 52 53
BLOCK 24 54 32 24 18 21 20 17 19 15 14 9 12 13 10 11 8 2 3 1 6 63 62 57 60 61 58 59 55 56 50 51 49 54
BLOCK 24 56 32 24 18 21 20 17 19 15 14 9 12 13 10 11 8 2 3 1 6 63 62 57 60 61 58 59 55 54 49 51 50 56
BLOCK 24 60 16 24 18 19 15 14 9 11 8 7 6 63 64 58 61 60
BLOCK 24 61 16 24 18 19 15 14 9 11 8 7 6 63 62 57 60 61
BLOCK 24 62 16 24 18 19 15 14 9 11 8 2 5 4 1 6 63 62
BLOCK 24 64 16 24 18 19 15 14 9 11 8 2 5 4 1 6 63 64
BLOCK 28 29 8 28 25 30 31 32 26 29
BLOCK 28 30 4 28 25 30
LEGAL 28 32
BLOCK 28 36 8 28 25 30 31 35 33 36
BLOCK 28 37 8 28 25 30 31 35 34 37
BLOCK 28 38 8 28 25 30 31 35 33 38
BLOCK 28 40 8 28 25 30 31 35 34 40
BLOCK 28 44 16 28 25 30 31 35 33 36 37 34 40 39 43 42 45 44
BLOCK 28 45 16 28 25 30 31 35 33 36 37 34 40 39 43 41 44 45
BLOCK 28 46 16 28 25 27 26 32 31 35 33 38 39 43 42 48 47 46
BLOCK 28 48 16 28 25 27 26 32 31 35 33 38 39 43 41 46 47 48
BLOCK 28 52 16 28 25 30 31 35 33 38 39 43 41 46 47 51 49 52
BLOCK 28 53 16 28 25 30 31 35 33 38 39 43 41 46 47 51 50 53
BLOCK 28 54 16 28 25 30 31 35 33 38 39 43 41 46 47 51 49 54
BLOCK 28 56 16 28 25 30 31 35 33 38 39 43 41 46 47 51 50 56
BLOCK 28 60 32 28 25 27 26 32 31 35 33 36 37 34 40 39 43 41 44 45 42 48 47 51 49 52 53 50 56 55 59 58 61 60
BLOCK 28 61 32 28 25 27 26 32 31 35 33 36 37 34 40 39 43 41 44 45 42 48 47 51 49 52 53 50 56 55 59 57 60 61
BLOCK 28 62 32 28 25 30 31 32 26 27 23 22 17 19 15 14 9 12 13 10 11 8 2 5 4 1 6 63 64 58 61 60 57 62
BLOCK 28 64 32 28 25 30 31 32 26 27 23 22 17 19 15 14 9 12 13 10 11 8 2 5 4 1 6 63 62 57 60 61 58 64
LEGAL 29 30
BLOCK 29 32 4 29 26 32
BLOCK 29 36 8 29 26 32 31 35 33 36
BLOCK 29 37 8 29 26 32 31 35 34 37
BLOCK 29 38 8 29 26 32 31 35 33 38
BLOCK 29 40 8 29 26 32 31 35 34 40
BLOCK 29 44 16 29 26 32 31 35 33 36 37 34 40 39 43 42 45 44
BLOCK 29 45 16 29 26 32 31 35 33 36 37 34 40 39 43 41 44 45
BLOCK 29 46 16 29 26 27 25 30 31 35 33 38 39 43 42 48 47 46
BLOCK 29 48 16 29 26 27 25 30 31 35 33 38 39 43 41 46 47 48
BLOCK 29 52 16 29 26 32 31 35 33 38 39 43 41 46 47 51 49 52
BLOCK 29 53 16 29 26 32 31 35 33 38 39 43 41 46 47 51 50 53
BLOCK 29 54 16 29 26 32 31 35 33 38 39 43 41 46 47 51 49 54
BLOCK 29 56 16 29 26 32 31 35 33 38 39 43 41 46 47 51 50 56
BLOCK 29 60 32 29 26 27 25 30 31 35 33 36 37 34 40 39 43 41 44 45 42 48 47 51 49 52 53 50 56 55 59 58 61 60
BLOCK 29 61 32 29 26 27 25 30 31 35 33 36 37 34 40 39 43 41 44 45 42 48 47 51 49 52 53 50 56 55 59 57 60 61
BLOCK 29 62 32 29 26 32 31 30 25 27 23 22 17 19 15 14 9 12 13 10 11 8 2 5 4 1 6 63 64 58 61 60 57 62
BLOCK 29 64 32 29 26 32 31 30 25 27 23 22 17 19 15 14 9 12 13 10 11 8 2 5 4 1 6 63 62 57 60 61 58 64
BLOCK 30 32 4 30 31 32
BLOCK 30 36 16 30 25 28 29 26 32 31 35 33 38 39 40 34 37 36
BLOCK 30 37 16 30 25 28 29 26 32 31 35 34 40 39 38 33 36 37
BLOCK 30 38 8 30 31 35 34 40 39 38
BLOCK 30 40 8 30 31 35 33 38 39 40
BLOCK 30 44 16 30 25 28 29 26 32 31 35 33 38 39 43 42 45 44
BLOCK 30 45 16 30 25 28 29 26 32 31 35 33 38 39 43 41 44 45
BLOCK 30 46 16 30 25 27 26 32 31 35 33 38 39 43 42 48 47 46
BLOCK 30 48 16 30 25 27 26 32 31 35 33 38 39 43 41 46 47 48
BLOCK 30 52 32 30 25 27 23 22 17 19 15 14 9 11 8 2 5 4 1 6 63 62 57 60 61 58 59 55 54 49 51 50 53 52
BLOCK 30 53 32 30 25 27 23 22 17 19 15 14 9 11 8 2 5 4 1 6 63 62 57 60 61 58 59 55 56 50 51 49 52 53
BLOCK 30 54 16 30 31 35 33 38 39 43 41 46 47 51 50 56 55 54
BLOCK 30 56 16 30 31 35 33 38 39 43 41 46 47 51 49 54 55 56
BLOCK 30 60 32 30 25 27 26 32 31 35 33 36 37 34 40 39 43 41 44 45 42 48 47 51 49 52 53 50 56 55 59 58 61 60
BLOCK 30 61 32 30 25 27 26 32 31 35 33 36 37 34 40 39 43 41 44 45 42 48 47 51 49 52 53 50 56 55 59 57 60 61
BLOCK 30 62 32 30 25 28 29 26 27 23 22 17 20 21 18 19 15 14 9 12 13 10 11 8 2 3 1 6 63 64 58 59 57 62
BLOCK 30 64 32 30 25 28 29 26 27 23 22 17 20 21 18 19 15 14 9 12 13 10 11 8 2 3 1 6 63 62 57 59 58 64
BLOCK 32 36 16 32 26 29 28 25 30 31 35 33 38 39 40 34 37 36
BLOCK 32 37 16 32 26 29 28 25 30 31 35 34 40 39 38 33 36 37
BLOCK 32 38 8 32 31 35 34 40 39 38
BLOCK 32 40 8 32 31 35 33 38 39 40
BLOCK 32 44 16 32 26 29 28 25 30 31 35 33 38 39 43 42 45 44
BLOCK 32 45 16 32 26 29 28 25 30 31 35 33 38 39 43 41 44 45
BLOCK 32 46 16 32 26 27 25 30 31 35 33 38 39 43 42 48 47 46
BLOCK 32 48 16 32 26 27 25 30 31 35 33 38 39 43 41 46 47 48
BLOCK 32 52 32 32 26 27 23 22 17 19 15 14 9 11 8 2 5 4 1 6 63 62 57 60 61 58 59 55 54 49 51 50 53 52
BLOCK 32 53 32 32 26 27 23 22 17 19 15 14 9 11 8 2 5 4 1 6 63 62 57 60 61 58 59 55 56 50 51 49 52 53
BLOCK 32 54 16 32 31 35 33 38 39 43 41 46 47 51 50 56 55 54
BLOCK 32 56 16 32 31 35 33 38 39 43 41 46 47 51 49 54 55 56
BLOCK 32 60 32 32 26 27 25 30 31 35 33 36 37 34 40 39 43 41 44 45 42 48 47 51 49 52 53 50 56 55 59 58 61 60
BLOCK 32 61 32 32 26 27 25 30 31 35 33 36 37 34 40 39 43 41 44 45 42 48 47 51 49 52 53 50 56 55 59 57 60 61
BLOCK 32 62 32 32 26 29 28 25 27 23 22 17 20 21 18 19 15 14 9 12 13 10 11 8 2 3 1 6 63 64 58 59 57 62
BLOCK 32 64 32 32 26 29 28 25 27 23 22 17 20 21 18 19 15 14 9 12 13 10 11 8 2 3 1 6 63 62 57 59 58 64
BLOCK 36 37 8 36 33 38 39 40 34 37
BLOCK 36 38 4 36 33 38
LEGAL 36 40
BLOCK 36 44 8 36 33 38 39 43 41 44
BLOCK 36 45 8 36 33 38 39 43 42 45
BLOCK 36 46 8 36 33 38 39 43 41 46
BLOCK 36 48 8 36 33 38 39 43 42 48
BLOCK 36 52 16 36 33 38 39 43 41 44 45 42 48 47 51 50 53 52
BLOCK 36 53 16 36 33 38 39 43 41 44 45 42 48 47 51 49 52 53
BLOCK 36 54 16 36 33 35 34 40 39 43 41 46 47 51 50 56 55 54
BLOCK 36 56 16 36 33 35 34 40 39 43 41 46 47 51 49 54 55 56
BLOCK 36 60 16 36 33 38 39 43 41 46 47 51 49 54 55 59 57 60
BLOCK 36 61 16 36 33 38 39 43 41 46 47 51 49 54 55 59 58 61
BLOCK 36 62 16 36 33 38 39 43 41 46 47 51 49 54 55 59 57 62
BLOCK 36 64 16 36 33 38 39 43 41 46 47 51 49 54 55 59 58 64
LEGAL 37 38
BLOCK 37 40 4 37 34 40
BLOCK 37 44 8 37 34 40 39 43 41 44
BLOCK 37 45 8 37 34 40 39 43 42 45
BLOCK 37 46 8 37 34 40 39 43 41 46
BLOCK 37 48 8 37 34 40 39 43 42 48
BLOCK 37 52 16 37 34 40 39 43 41 44 45 42 48 47 51 50 53 52
BLOCK 37 53 16 37 34 40 39 43 41 44 45 42 48 47 51 49 52 53
BLOCK 37 54 16 37 34 35 33 38 39 43 41 46 47 51 50 56 55 54
BLOCK 37 56 16 37 34 35 33 38 39 43 41 46 47 51 49 54 55 56
BLOCK 37 60 16 37 34 40 39 43 41 46 47 51 49 54 55 59 57 60
BLOCK 37 61 16 37 34 40 39 43 41 46 47 51 49 54 55 59 58 61
BLOCK 37 62 16 37 34 40 39 43 41 46 47 51 49 54 55 59 57 62
BLOCK 37 64 16 37 34 40 39 43 41 46 47 51 49 54 55 59 58 64
BLOCK 38 40 4 38 39 40
BLOCK 38 44 16 38 33 36 37 34 40 39 43 41 46 47 48 42 45 44
BLOCK 38 45 16 38 33 36 37 34 40 39 43 42 48 47 46 41 44 45
BLOCK 38 46 8 38 39 43 42 48 47 46
BLOCK 38 48 8 38 39 43 41 46 47 48
BLOCK 38 52 16 38 33 36 37 34 40 39 43 41 46 47 51 50 53 52
BLOCK 38 53 16 38 33 36 37 34 40 39 43 41 46 47 51 49 52 53
BLOCK 38 54 16 38 33 35 34 40 39 43 41 46 47 51 50 56 55 54
BLOCK 38 56 16 38 33 35 34 40 39 43 41 46 47 51 49 54 55 56
BLOCK 38 60 32 38 33 35 31 30 25 27 23 22 17 19 15 14 9 12 13 10 11 8 2 5 4 1 6 63 62 57 59 58 61 60
BLOCK 38 61 32 38 33 35 31 30 25 27 23 22 17 19 15 14 9 12 13 10 11 8 2 5 4 1 6 63 64 58 59 57 60 61
BLOCK 38 62 16 38 39 43 41 46 47 51 49 54 55 59 58 64 63 62
BLOCK 38 64 16 38 39 43 41 46 47 51 49 54 55 59 57 62 63 64
BLOCK 40 44 16 40 34 37 36 33 38 39 43 41 46 47 48 42 45 44
BLOCK 40 45 16 40 34 37 36 33 38 39 43 42 48 47 46 41 44 45
BLOCK 40 46 8 40 39 43 42 48 47 46
BLOCK 40 48 8 40 39 43 41 46 47 48
BLOCK 40 52 16 40 34 37 36 33 38 39 43 41 46 47 51 50 53 52
BLOCK 40 53 16 40 34 37 36 33 38 39 43 41 46 47 51 49 52 53
BLOCK 40 54 16 40 34 35 33 38 39 43 41 46 47 51 50 56 55 54
BLOCK 40 56 16 40 34 35 33 38 39 43 41 46 47 51 49 54 55 56
BLOCK 40 60 32 40 34 35 31 30 25 27 23 22 17 19 15 14 9 12 13 10 11 8 2 5 4 1 6 63 62 57 59 58 61 60
BLOCK 40 61 32 40 34 35 31 30 25 27 23 22 17 19 15 14 9 12 13 10 11 8 2 5 4 1 6 63 64 58 59 57 60 61
BLOCK 40 62 16 40 39 43 41 46 47 51 49 54 55 59 58 64 63 62
BLOCK 40 64 16 40 39 43 41 46 47 51 49 54 55 59 57 62 63 64
BLOCK 44 45 8 44 41 46 47 48 42 45
BLOCK 44 46 4 44 41 46
LEGAL 44 48
BLOCK 44 52 8 44 41 46 47 51 49 52
BLOCK 44 53 8 44 41 46 47 51 50 53
BLOCK 44 54 8 44 41 46 47 51 49 54
BLOCK 44 56 8 44 41 46 47 51 50 56
BLOCK 44 60 16 44 41 46 47 51 49 52 53 50 56 55 59 58 61 60
BLOCK 44 61 16 44 41 46 47 51 49 52 53 50 56 55 59 57 60 61
BLOCK 44 62 16 44 41 43 42 48 47 51 49 54 55 59 58 64 63 62
BLOCK 44 64 16 44 41 43 42 48 47 51 49 54 55 59 57 62 63 64
LEGAL 45 46
BLOCK 45 48 4 45 42 48
BLOCK 45 52 8 45 42 48 47 51 49 52
BLOCK 45 53 8 45 42 48 47 51 50 53
BLOCK 45 54 8 45 42 48 47 51 49 54
BLOCK 45 56 8 45 42 48 47 51 50 56
BLOCK 45 60 16 45 42 48 47 51 49 52 53 50 56 55 59 58 61 60
BLOCK 45 61 16 45 42 48 47 51 49 52 53 50 56 55 59 57 60 61
BLOCK 45 62 16 45 42 43 41 46 47 51 49 54 55 59 58 64 63 62
BLOCK 45 64 16 45 42 43 41 46 47 51 49 54 55 59 57 62 63 64
BLOCK 46 48 4 46 47 48
BLOCK 46 52 16 46 41 44 45 42 48 47 51 49 54 55 56 50 53 52
BLOCK 46 53 16 46 41 44 45 42 48 47 51 50 56 55 54 49 52 53
BLOCK 46 54 8 46 47 51 50 56 55 54
BLOCK 46 56 8 46 47 51 49 54 55 56
BLOCK 46 60 16 46 41 44 45 42 48 47 51 49 54 55 59 58 61 60
BLOCK 46 61 16 46 41 44 45 42 48 47 51 49 54 55 59 57 60 61
BLOCK 46 62 16 46 41 43 42 48 47 51 49 54 55 59 58 64 63 62
BLOCK 46 64 16 46 41 43 42 48 47 51 49 54 55 59 57 62 63 64
BLOCK 48 52 16 48 42 45 44 41 46 47 51 49 54 55 56 50 53 52
BLOCK 48 53 16 48 42 45 44 41 46 47 51 50 56 55 54 49 52 53
BLOCK 48 54 8 48 47 51 50 56 55 54
BLOCK 48 56 8 48 47 51 49 54 55 56
BLOCK 48 60 16 48 42 45 44 41 46 47 51 49 54 55 59 58 61 60
BLOCK 48 61 16 48 42 45 44 41 46 47 51 49 54 55 59 57 60 61
BLOCK 48 62 16 48 42 43 41 46 47 51 49 54 55 59 58 64 63 62
BLOCK 48 64 16 48 42 43 41 46 47 51 49 54 55 59 57 62 63 64
BLOCK 52 53 8 52 49 54 55 56 50 53
BLOCK 52 54 4 52 49 54
LEGAL 52 56
BLOCK 52 60 8 52 49 54 55 59 57 60
BLOCK 52 61 8 52 49 54 55 59 58 61
BLOCK 52 62 8 52 49 54 55 59 57 62
BLOCK 52 64 8 52 49 54 55 59 58 64
LEGAL 53 54
BLOCK 53 56 4 53 50 56
BLOCK 53 60 8 53 50 56 55 59 57 60
BLOCK 53 61 8 53 50 56 55 59 58 61
BLOCK 53 62 8 53 50 56 55 59 57 62
BLOCK 53 64 8 53 50 56 55 59 58 64
BLOCK 54 56 4 54 55 56
BLOCK 54 60 16 54 49 52 53 50 56 55 59 57 62 63 64 58 61 60
BLOCK 54 61 16 54 49 52 53 50 56 55 59 58 64 63 62 57 60 61
BLOCK 54 62 8 54 55 59 58 64 63 62
BLOCK 54 64 8 54 55 59 57 62 63 64
BLOCK 56 60 16 56 50 53 52 49 54 55 59 57 62 63 64 58 61 60
BLOCK 56 61 16 56 50 53 52 49 54 55 59 58 64 63 62 57 60 61
BLOCK 56 62 8 56 55 59 58 64 63 62
BLOCK 56 64 8 56 55 59 57 62 63 64
BLOCK 60 61 8 60 57 62 63 64 58 61
BLOCK 60 62 4 60 57 62
LEGAL 60 64
LEGAL 61 62
BLOCK 61 64 4 61 58 64
BLOCK 62 64 4 62 63 64
