BLOCK 3 4 4 3 1 4
BLOCK 3 5 4 3 2 5
BLOCK 3 7 8 3 1 4 5 2 8 7
BLOCK 3 12 8 3 2 8 11 10 13 12
BLOCK 3 13 8 3 2 8 11 9 12 13
BLOCK 3 14 16 3 2 8 7 6 31 30 25 27 23 22 17 19 15 14
BLOCK 3 16 16 3 2 8 7 6 31 30 25 27 23 22 17 19 15 16
BLOCK 3 20 16 3 1 6 7 8 11 9 12 13 10 16 15 19 17 20
BLOCK 3 21 16 3 1 6 7 8 11 9 12 13 10 16 15 19 18 21
BLOCK 3 22 16 3 1 4 5 2 8 11 9 14 15 19 18 24 23 22
BLOCK 3 24 16 3 1 4 5 2 8 11 9 14 15 19 17 22 23 24
BLOCK 3 28 8 3 1 6 31 30 25 28
BLOCK 3 29 8 3 1 6 31 32 26 29
BLOCK 3 30 8 3 2 8 7 6 31 30
BLOCK 3 32 8 3 2 8 7 6 31 32
BLOCK 4 5 8 4 1 6 7 8 2 5
BLOCK 4 7 8 4 5 2 3 1 6 7
BLOCK 4 12 8 4 5 2 8 11 9 12
BLOCK 4 13 8 4 5 2 8 11 10 13
BLOCK 4 14 8 4 5 2 8 11 9 14
BLOCK 4 16 8 4 5 2 8 11 10 16
BLOCK 4 20 16 4 1 3 2 8 7 6 31 30 25 27 23 22 17 20
BLOCK 4 21 16 4 1 3 2 8 7 6 31 30 25 27 23 24 18 21
BLOCK 4 22 16 4 1 3 2 8 11 9 12 13 10 16 15 19 17 22
BLOCK 4 24 16 4 1 3 2 8 11 9 12 13 10 16 15 19 18 24
BLOCK 4 28 8 4 1 6 31 30 25 28
BLOCK 4 29 8 4 1 6 31 32 26 29
BLOCK 4 30 16 4 5 2 8 11 9 14 15 19 17 22 23 27 25 30
BLOCK 4 32 16 4 5 2 8 11 9 14 15 19 17 22 23 27 26 32
BLOCK 5 7 8 5 4 1 3 2 8 7
BLOCK 5 12 8 5 2 8 11 10 13 12
BLOCK 5 13 8 5 2 8 11 9 12 13
BLOCK 5 14 16 5 2 3 1 6 7 8 11 9 12 13 10 16 15 14
BLOCK 5 16 16 5 2 3 1 6 7 8 11 10 13 12 9 14 15 16
BLOCK 5 20 16 5 2 3 1 6 7 8 11 9 14 15 19 18 21 20
BLOCK 5 21 16 5 2 3 1 6 7 8 11 9 14 15 19 17 20 21
BLOCK 5 22 16 5 2 3 1 6 31 30 25 27 23 24 18 19 17 22
BLOCK 5 24 16 5 2 3 1 6 31 30 25 27 23 22 17 19 18 24
BLOCK 5 28 16 5 2 8 11 9 14 15 19 17 22 23 27 26 29 28
BLOCK 5 29 16 5 2 8 11 9 14 15 19 17 22 23 27 25 28 29
BLOCK 5 30 8 5 2 3 1 6 31 30
BLOCK 5 32 8 5 2 3 1 6 31 32
BLOCK 7 12 16 7 6 1 4 5 2 8 11 9 14 15 16 10 13 12
BLOCK 7 13 16 7 6 1 4 5 2 8 11 10 16 15 14 9 12 13
BLOCK 7 14 8 7 8 11 10 16 15 14
BLOCK 7 16 8 7 8 11 9 14 15 16
BLOCK 7 20 16 7 6 1 4 5 2 8 11 9 14 15 19 18 21 20
BLOCK 7 21 16 7 6 1 4 5 2 8 11 9 14 15 19 17 20 21
BLOCK 7 22 16 7 6 1 3 2 8 11 9 14 15 19 18 24 23 22
BLOCK 7 24 16 7 6 1 3 2 8 11 9 14 15 19 17 22 23 24
BLOCK 7 28 8 7 6 31 32 26 29 28
BLOCK 7 29 8 7 6 31 30 25 28 29
BLOCK 7 30 16 7 8 11 9 14 15 19 17 22 23 27 26 32 31 30
BLOCK 7 32 16 7 8 11 9 14 15 19 17 22 23 27 25 30 31 32
BLOCK 12 13 8 12 9 14 15 16 10 13
BLOCK 12 14 4 12 9 14
LEGAL 12 16
BLOCK 12 20 8 12 9 14 15 19 17 20
BLOCK 12 21 8 12 9 14 15 19 18 21
BLOCK 12 22 8 12 9 14 15 19 17 22
BLOCK 12 24 8 12 9 14 15 19 18 24
BLOCK 12 28 16 12 9 11 8 2 3 1 6 31 30 25 27 26 29 28
BLOCK 12 29 16 12 9 11 8 2 3 1 6 31 32 26 27 25 28 29
BLOCK 12 30 16 12 9 11 8 2 3 1 6 31 32 26 29 28 25 30
BLOCK 12 32 16 12 9 11 8 2 3 1 6 31 30 25 28 29 26 32
LEGAL 13 14
BLOCK 13 16 4 13 10 16
BLOCK 13 20 8 13 10 16 15 19 17 20
BLOCK 13 21 8 13 10 16 15 19 18 21
BLOCK 13 22 8 13 10 16 15 19 17 22
BLOCK 13 24 8 13 10 16 15 19 18 24
BLOCK 13 28 16 13 10 11 8 2 3 1 6 31 30 25 27 26 29 28
BLOCK 13 29 16 13 10 11 8 2 3 1 6 31 32 26 27 25 28 29
BLOCK 13 30 16 13 10 11 8 2 3 1 6 31 32 26 29 28 25 30
BLOCK 13 32 16 13 10 11 8 2 3 1 6 31 30 25 28 29 26 32
BLOCK 14 16 4 14 15 16
BLOCK 14 20 16 14 9 11 8 7 6 31 30 25 27 23 24 18 21 20
BLOCK 14 21 16 14 9 11 8 7 6 31 30 25 27 23 22 17 20 21
BLOCK 14 22 8 14 15 19 18 24 23 22
BLOCK 14 24 8 14 15 19 17 22 23 24
BLOCK 14 28 16 14 9 11 8 2 3 1 6 31 30 25 27 26 29 28
BLOCK 14 29 16 14 9 11 8 2 3 1 6 31 32 26 27 25 28 29
BLOCK 14 30 16 14 9 11 8 2 3 1 6 31 32 26 29 28 25 30
BLOCK 14 32 16 14 9 11 8 2 3 1 6 31 30 25 28 29 26 32
BLOCK 16 20 16 16 10 11 8 7 6 31 30 25 27 23 24 18 21 20
BLOCK 16 21 16 16 10 11 8 7 6 31 30 25 27 23 22 17 20 21
BLOCK 16 22 8 16 15 19 18 24 23 22
BLOCK 16 24 8 16 15 19 17 22 23 24
BLOCK 16 28 16 16 10 11 8 2 3 1 6 31 30 25 27 26 29 28
BLOCK 16 29 16 16 10 11 8 2 3 1 6 31 32 26 27 25 28 29
BLOCK 16 30 16 16 10 11 8 2 3 1 6 31 32 26 29 28 25 30
BLOCK 16 32 16 16 10 11 8 2 3 1 6 31 30 25 28 29 26 32
BLOCK 20 21 8 20 17 22 23 24 18 21
BLOCK 20 22 4 20 17 22
LEGAL 20 24
BLOCK 20 28 8 20 17 22 23 27 25 28
BLOCK 20 29 8 20 17 22 23 27 26 29
BLOCK 20 30 8 20 17 22 23 27 25 30
BLOCK 20 32 8 20 17 22 23 27 26 32
LEGAL 21 22
BLOCK 21 24 4 21 18 24
BLOCK 21 28 8 21 18 24 23 27 25 28
BLOCK 21 29 8 21 18 24 23 27 26 29
BLOCK 21 30 8 21 18 24 23 27 25 30
BLOCK 21 32 8 21 18 24 23 27 26 32
BLOCK 22 24 4 22 23 24
BLOCK 22 28 16 22 17 19 15 14 9 11 8 7 6 31 32 26 29 28
BLOCK 22 29 16 22 17 19 15 14 9 11 8 7 6 31 30 25 28 29
BLOCK 22 30 8 22 23 27 26 32 31 30
BLOCK 22 32 8 22 23 27 25 30 31 32
BLOCK 24 28 16 24 18 19 15 14 9 11 8 7 6 31 32 26 29 28
BLOCK 24 29 16 24 18 19 15 14 9 11 8 7 6 31 30 25 28 29
BLOCK 24 30 8 24 23 27 26 32 31 30
BLOCK 24 32 8 24 23 27 25 30 31 32
BLOCK 28 29 8 28 25 30 31 32 26 29
BLOCK 28 30 4 28 25 30
LEGAL 28 32
LEGAL 29 30
BLOCK 29 32 4 29 26 32
BLOCK 30 32 4 30 31 32
