BLOCK 1 8 4 1 4 5 2 8
BLOCK 1 9 8 1 3 2 8 11 10 13 12 9
BLOCK 1 10 8 1 3 2 8 11 9 12 13 10
BLOCK 1 11 4 1 3 2 8 11
BLOCK 1 12 8 1 4 5 2 8 11 10 13 12
BLOCK 1 13 8 1 4 5 2 8 11 9 12 13
BLOCK 1 14 8 1 3 2 8 11 10 16 15 14
BLOCK 1 15 8 1 4 5 2 8 11 9 14 15
BLOCK 1 16 8 1 3 2 8 11 9 14 15 16
BLOCK 1 17 8 1 6 31 30 25 27 23 22 17
BLOCK 1 18 8 1 6 31 30 25 27 23 24 18
BLOCK 1 19 8 1 3 2 8 11 9 14 15 19
BLOCK 1 20 16 1 3 2 8 7 6 31 30 25 27 23 22 17 19 18 21 20
BLOCK 1 21 16 1 3 2 8 7 6 31 30 25 27 23 24 18 19 17 20 21
BLOCK 1 22 16 1 3 2 8 7 6 31 30 25 27 23 24 18 21 20 17 22
LEGAL 1 23
BLOCK 1 24 16 1 3 2 8 7 6 31 30 25 27 23 22 17 20 21 18 24
BLOCK 1 25 4 1 6 31 30 25
BLOCK 1 26 4 1 6 31 32 26
BLOCK 1 27 8 1 6 31 30 25 28 29 26 27
BLOCK 1 28 8 1 6 31 30 25 27 26 29 28
BLOCK 1 29 8 1 6 31 32 26 27 25 28 29
BLOCK 1 30 8 1 4 5 2 8 7 6 31 30
BLOCK 1 32 8 1 4 5 2 8 7 6 31 32
BLOCK 2 6 4 2 5 4 1 6
BLOCK 2 9 8 2 5 4 1 6 7 8 11 9
BLOCK 2 10 8 2 5 4 1 6 7 8 11 10
BLOCK 2 12 4 2 8 11 9 12
BLOCK 2 13 4 2 8 11 10 13
BLOCK 2 14 4 2 8 11 9 14
BLOCK 2 15 8 2 8 11 9 12 13 10 16 15
BLOCK 2 16 4 2 8 11 10 16
BLOCK 2 17 16 2 3 1 6 31 30 25 28 29 26 27 23 24 18 21 20 17
BLOCK 2 18 16 2 3 1 6 31 30 25 28 29 26 27 23 22 17 20 21 18
LEGAL 2 19
BLOCK 2 20 8 2 8 11 9 14 15 19 17 20
BLOCK 2 21 8 2 8 11 9 14 15 19 18 21
BLOCK 2 22 8 2 8 11 9 14 15 19 17 22
BLOCK 2 23 8 2 3 1 6 31 30 25 27 23
BLOCK 2 24 8 2 8 11 9 14 15 19 18 24
BLOCK 2 25 8 2 3 1 6 31 32 26 27 25
BLOCK 2 26 8 2 3 1 6 31 30 25 27 26
BLOCK 2 27 8 2 5 4 1 6 31 30 25 27
BLOCK 2 28 8 2 3 1 6 31 32 26 29 28
BLOCK 2 29 8 2 3 1 6 31 30 25 28 29
BLOCK 2 30 16 2 3 1 6 7 8 11 9 14 15 19 17 22 23 27 25 30
BLOCK 2 31 4 2 3 1 6 31
BLOCK 2 32 16 2 3 1 6 7 8 11 9 14 15 19 17 22 23 27 26 32
BLOCK 3 7 16 3 1 6 31 30 25 27 23 22 17 19 15 14 9 11 8 7
BLOCK 3 9 4 3 2 8 11 9
BLOCK 3 10 4 3 2 8 11 10
BLOCK 3 11 8 3 2 5 4 1 6 7 8 11
BLOCK 3 12 8 3 1 4 5 2 8 11 9 12
BLOCK 3 13 8 3 1 4 5 2 8 11 10 13
BLOCK 3 14 8 3 1 4 5 2 8 11 9 14
BLOCK 3 15 8 3 1 6 7 8 11 9 14 15
BLOCK 3 16 8 3 1 4 5 2 8 11 10 16
BLOCK 3 17 8 3 2 8 11 9 14 15 19 17
BLOCK 3 18 8 3 2 8 11 9 14 15 19 18
BLOCK 3 19 16 3 1 6 31 30 25 28 29 26 27 23 22 17 20 21 18 19
BLOCK 3 20 16 3 1 4 5 2 8 7 6 31 30 25 27 23 24 18 21 20
BLOCK 3 21 16 3 1 4 5 2 8 7 6 31 30 25 27 23 22 17 20 21
BLOCK 3 22 8 3 1 6 31 30 25 27 23 22
BLOCK 3 23 16 3 1 4 5 2 8 11 9 12 13 10 16 15 19 17 22 23
BLOCK 3 24 8 3 1 6 31 30 25 27 23 24
BLOCK 3 25 8 3 1 6 31 32 26 29 28 25
BLOCK 3 26 8 3 1 6 31 30 25 28 29 26
BLOCK 3 27 8 3 2 8 7 6 31 30 25 27
BLOCK 3 28 8 3 1 6 31 32 26 27 25 28
BLOCK 3 29 8 3 1 6 31 30 25 27 26 29
BLOCK 3 30 4 3 1 6 31 30
BLOCK 3 31 8 3 1 4 5 2 8 7 6 31
BLOCK 3 32 4 3 1 6 31 32
BLOCK 4 7 4 4 5 2 8 7
BLOCK 4 8 4 4 1 3 2 8
BLOCK 4 9 8 4 5 2 8 11 10 13 12 9
BLOCK 4 10 8 4 5 2 8 11 9 12 13 10
BLOCK 4 11 4 4 5 2 8 11
BLOCK 4 12 8 4 1 3 2 8 11 10 13 12
BLOCK 4 13 8 4 1 3 2 8 11 9 12 13
BLOCK 4 14 8 4 5 2 8 11 10 16 15 14
BLOCK 4 15 8 4 1 3 2 8 11 9 14 15
BLOCK 4 16 8 4 5 2 8 11 9 14 15 16
BLOCK 4 17 16 4 1 3 2 8 7 6 31 30 25 27 23 24 18 21 20 17
BLOCK 4 18 16 4 1 3 2 8 7 6 31 30 25 27 23 22 17 20 21 18
BLOCK 4 19 8 4 5 2 8 11 9 14 15 19
BLOCK 4 20 16 4 1 3 2 8 7 6 31 30 25 27 23 24 18 19 17 20
BLOCK 4 21 16 4 1 3 2 8 7 6 31 30 25 27 23 22 17 19 18 21
BLOCK 4 22 8 4 1 6 31 30 25 27 23 22
LEGAL 4 23
BLOCK 4 24 8 4 1 6 31 30 25 27 23 24
BLOCK 4 25 8 4 1 6 31 32 26 29 28 25
BLOCK 4 26 8 4 1 6 31 30 25 28 29 26
BLOCK 4 27 16 4 1 3 2 8 11 9 12 13 10 16 15 19 17 22 23 27
BLOCK 4 28 8 4 1 6 31 32 26 27 25 28
BLOCK 4 29 8 4 1 6 31 30 25 27 26 29
BLOCK 4 30 4 4 1 6 31 30
BLOCK 4 31 16 4 1 3 2 8 11 9 14 15 19 17 22 23 27 25 30 31
BLOCK 4 32 4 4 1 6 31 32
BLOCK 5 6 4 5 2 3 1 6
BLOCK 5 7 4 5 4 1 6 7
BLOCK 5 9 4 5 2 8 11 9
BLOCK 5 10 4 5 2 8 11 10
BLOCK 5 11 16 5 2 3 1 6 31 30 25 27 23 22 17 19 15 14 9 11
BLOCK 5 12 8 5 4 1 3 2 8 11 9 12
BLOCK 5 13 8 5 4 1 3 2 8 11 10 13
BLOCK 5 14 8 5 2 8 11 10 13 12 9 14
BLOCK 5 15 16 5 2 3 1 6 31 30 25 27 23 22 17 20 21 18 19 15
BLOCK 5 16 8 5 2 8 11 9 12 13 10 16
BLOCK 5 17 8 5 2 8 11 9 14 15 19 17
BLOCK 5 18 8 5 2 8 11 9 14 15 19 18
LEGAL 5 19
BLOCK 5 20 16 5 2 3 1 6 7 8 11 9 12 13 10 16 15 19 17 20
BLOCK 5 21 16 5 2 3 1 6 7 8 11 9 12 13 10 16 15 19 18 21
BLOCK 5 22 16 5 2 3 1 6 7 8 11 9 12 13 10 16 15 19 17 22
BLOCK 5 23 8 5 4 1 6 31 30 25 27 23
BLOCK 5 24 16 5 2 3 1 6 7 8 11 9 12 13 10 16 15 19 18 24
BLOCK 5 25 8 5 4 1 6 31 32 26 27 25
BLOCK 5 26 8 5 4 1 6 31 30 25 27 26
BLOCK 5 27 8 5 2 3 1 6 31 30 25 27
BLOCK 5 28 8 5 2 3 1 6 31 30 25 28
BLOCK 5 29 8 5 2 3 1 6 31 32 26 29
BLOCK 5 30 16 5 2 8 11 9 12 13 10 16 15 19 17 22 23 27 25 30
BLOCK 5 31 4 5 4 1 6 31
BLOCK 5 32 16 5 2 8 11 9 12 13 10 16 15 19 17 22 23 27 26 32
BLOCK 6 9 4 6 7 8 11 9
BLOCK 6 10 4 6 7 8 11 10
LEGAL 6 11
BLOCK 6 12 8 6 1 3 2 8 11 10 13 12
BLOCK 6 13 8 6 1 3 2 8 11 9 12 13
BLOCK 6 14 8 6 1 4 5 2 8 11 9 14
BLOCK 6 15 8 6 1 3 2 8 11 9 14 15
BLOCK 6 16 8 6 1 4 5 2 8 11 10 16
BLOCK 6 17 8 6 7 8 11 9 14 15 19 17
BLOCK 6 18 8 6 7 8 11 9 14 15 19 18
BLOCK 6 19 8 6 31 30 25 27 23 22 17 19
BLOCK 6 20 8 6 31 30 25 27 23 22 17 20
BLOCK 6 21 8 6 31 30 25 27 23 24 18 21
BLOCK 6 22 16 6 1 3 2 8 11 9 12 13 10 16 15 19 18 24 23 22
BLOCK 6 23 8 6 31 30 25 28 29 26 27 23
BLOCK 6 24 16 6 1 3 2 8 11 9 12 13 10 16 15 19 17 22 23 24
BLOCK 6 25 16 6 7 8 11 9 14 15 19 17 22 23 27 26 32 31 30 25
BLOCK 6 26 16 6 7 8 11 9 14 15 19 17 22 23 27 25 30 31 32 26
BLOCK 6 27 4 6 31 30 25 27
BLOCK 6 28 4 6 31 30 25 28
BLOCK 6 29 4 6 31 32 26 29
BLOCK 7 9 8 7 6 1 4 5 2 8 11 9
BLOCK 7 10 8 7 6 1 4 5 2 8 11 10
BLOCK 7 12 4 7 8 11 9 12
BLOCK 7 13 4 7 8 11 10 13
BLOCK 7 14 4 7 8 11 9 14
BLOCK 7 15 8 7 8 11 9 12 13 10 16 15
BLOCK 7 16 4 7 8 11 10 16
BLOCK 7 17 8 7 6 31 30 25 27 23 22 17
BLOCK 7 18 8 7 6 31 30 25 27 23 24 18
BLOCK 7 19 16 7 8 2 3 1 6 31 30 25 27 23 22 17 20 21 18 19
BLOCK 7 20 8 7 8 11 9 14 15 19 17 20
BLOCK 7 21 8 7 8 11 9 14 15 19 18 21
BLOCK 7 22 8 7 8 11 9 14 15 19 17 22
BLOCK 7 23 16 7 6 1 3 2 8 11 9 12 13 10 16 15 19 17 22 23
BLOCK 7 24 8 7 8 11 9 14 15 19 18 24
BLOCK 7 25 4 7 6 31 30 25
BLOCK 7 26 4 7 6 31 32 26
BLOCK 7 27 8 7 6 31 30 25 28 29 26 27
BLOCK 7 28 8 7 6 31 30 25 27 26 29 28
BLOCK 7 29 8 7 6 31 32 26 27 25 28 29
BLOCK 7 30 8 7 6 31 32 26 29 28 25 30
BLOCK 7 32 8 7 6 31 30 25 28 29 26 32
BLOCK 8 12 4 8 11 10 13 12
BLOCK 8 13 4 8 11 9 12 13
BLOCK 8 14 8 8 11 9 12 13 10 16 15 14
BLOCK 8 15 4 8 11 9 14 15
BLOCK 8 16 8 8 11 10 13 12 9 14 15 16
BLOCK 8 17 16 8 2 3 1 6 31 30 25 28 29 26 27 23 24 18 19 17
BLOCK 8 18 16 8 2 3 1 6 31 30 25 28 29 26 27 23 22 17 19 18
BLOCK 8 19 8 8 11 9 12 13 10 16 15 19
BLOCK 8 20 8 8 11 9 14 15 19 18 21 20
BLOCK 8 21 8 8 11 9 14 15 19 17 20 21
BLOCK 8 22 8 8 7 6 31 30 25 27 23 22
BLOCK 8 23 8 8 11 9 14 15 19 17 22 23
BLOCK 8 24 8 8 7 6 31 30 25 27 23 24
BLOCK 8 25 8 8 2 5 4 1 6 31 30 25
BLOCK 8 26 8 8 2 5 4 1 6 31 32 26
BLOCK 8 27 8 8 2 3 1 6 31 30 25 27
BLOCK 8 28 8 8 2 3 1 6 31 30 25 28
BLOCK 8 29 8 8 2 3 1 6 31 32 26 29
BLOCK 8 30 4 8 7 6 31 30
LEGAL 8 31
BLOCK 8 32 4 8 7 6 31 32
BLOCK 9 16 4 9 12 13 10 16
BLOCK 9 17 4 9 14 15 19 17
BLOCK 9 18 4 9 14 15 19 18
BLOCK 9 19 16 9 14 15 16 10 11 8 7 6 31 30 25 27 23 22 17 19
BLOCK 9 20 8 9 11 10 16 15 19 18 21 20
BLOCK 9 21 8 9 11 10 16 15 19 17 20 21
BLOCK 9 22 8 9 12 13 10 16 15 19 17 22
BLOCK 9 23 8 9 11 10 16 15 19 17 22 23
BLOCK 9 24 8 9 12 13 10 16 15 19 18 24
BLOCK 9 25 8 9 14 15 19 17 22 23 27 25
BLOCK 9 26 8 9 14 15 19 17 22 23 27 26
BLOCK 9 27 8 9 11 8 7 6 31 30 25 27
BLOCK 9 28 8 9 11 8 7 6 31 30 25 28
BLOCK 9 29 8 9 11 8 7 6 31 32 26 29
BLOCK 9 30 8 9 11 8 2 3 1 6 31 30
BLOCK 9 31 8 9 11 8 2 5 4 1 6 31
BLOCK 9 32 8 9 11 8 2 3 1 6 31 32
BLOCK 10 14 4 10 13 12 9 14
BLOCK 10 17 4 10 16 15 19 17
BLOCK 10 18 4 10 16 15 19 18
BLOCK 10 19 16 10 16 15 14 9 11 8 7 6 31 30 25 27 23 22 17 19
BLOCK 10 20 8 10 11 9 14 15 19 18 21 20
BLOCK 10 21 8 10 11 9 14 15 19 17 20 21
BLOCK 10 22 8 10 13 12 9 14 15 19 17 22
BLOCK 10 23 8 10 11 9 14 15 19 17 22 23
BLOCK 10 24 8 10 13 12 9 14 15 19 18 24
BLOCK 10 25 8 10 16 15 19 17 22 23 27 25
BLOCK 10 26 8 10 16 15 19 17 22 23 27 26
BLOCK 10 27 8 10 11 8 7 6 31 30 25 27
BLOCK 10 28 8 10 11 8 7 6 31 30 25 28
BLOCK 10 29 8 10 11 8 7 6 31 32 26 29
BLOCK 10 30 8 10 11 8 2 3 1 6 31 30
BLOCK 10 31 8 10 11 8 2 5 4 1 6 31
BLOCK 10 32 8 10 11 8 2 3 1 6 31 32
LEGAL 11 15
BLOCK 11 17 8 11 9 12 13 10 16 15 19 17
BLOCK 11 18 8 11 9 12 13 10 16 15 19 18
BLOCK 11 19 4 11 9 14 15 19
BLOCK 11 20 16 11 8 2 3 1 6 31 30 25 27 23 22 17 19 18 21 20
BLOCK 11 21 16 11 8 2 3 1 6 31 30 25 27 23 24 18 19 17 20 21
BLOCK 11 22 8 11 9 14 15 19 18 24 23 22
BLOCK 11 23 8 11 8 7 6 31 30 25 27 23
BLOCK 11 24 8 11 9 14 15 19 17 22 23 24
BLOCK 11 25 8 11 8 2 3 1 6 31 30 25
BLOCK 11 26 8 11 8 2 3 1 6 31 32 26
BLOCK 11 27 8 11 9 14 15 19 17 22 23 27
BLOCK 11 28 8 11 8 7 6 31 32 26 29 28
BLOCK 11 29 8 11 8 7 6 31 30 25 28 29
BLOCK 11 30 8 11 8 2 5 4 1 6 31 30
BLOCK 11 31 4 11 8 7 6 31
BLOCK 11 32 8 11 8 2 5 4 1 6 31 32
BLOCK 12 15 4 12 13 10 16 15
BLOCK 12 16 4 12 9 11 10 16
BLOCK 12 17 8 12 9 14 15 19 18 21 20 17
BLOCK 12 18 8 12 9 14 15 19 17 20 21 18
BLOCK 12 19 4 12 9 14 15 19
BLOCK 12 20 8 12 9 11 10 16 15 19 17 20
BLOCK 12 21 8 12 9 11 10 16 15 19 18 21
BLOCK 12 22 8 12 9 11 10 16 15 19 17 22
BLOCK 12 23 8 12 13 10 16 15 19 17 22 23
BLOCK 12 24 8 12 9 11 10 16 15 19 18 24
BLOCK 12 25 8 12 9 11 8 7 6 31 30 25
BLOCK 12 26 8 12 9 11 8 7 6 31 32 26
BLOCK 12 27 8 12 9 14 15 19 17 22 23 27
BLOCK 12 28 16 12 9 11 10 16 15 19 17 20 21 18 24 23 27 26 29 28
BLOCK 12 29 16 12 9 11 10 16 15 19 17 20 21 18 24 23 27 25 28 29
BLOCK 12 30 8 12 13 10 11 8 7 6 31 30
BLOCK 12 31 8 12 9 11 8 2 3 1 6 31
BLOCK 12 32 8 12 13 10 11 8 7 6 31 32
BLOCK 13 14 4 13 10 11 9 14
BLOCK 13 15 4 13 12 9 14 15
BLOCK 13 17 8 13 10 16 15 19 18 21 20 17
BLOCK 13 18 8 13 10 16 15 19 17 20 21 18
BLOCK 13 19 4 13 10 16 15 19
BLOCK 13 20 8 13 10 11 9 14 15 19 17 20
BLOCK 13 21 8 13 10 11 9 14 15 19 18 21
BLOCK 13 22 8 13 10 11 9 14 15 19 17 22
BLOCK 13 23 8 13 12 9 14 15 19 17 22 23
BLOCK 13 24 8 13 10 11 9 14 15 19 18 24
BLOCK 13 25 8 13 10 11 8 7 6 31 30 25
BLOCK 13 26 8 13 10 11 8 7 6 31 32 26
BLOCK 13 27 8 13 10 16 15 19 17 22 23 27
BLOCK 13 28 16 13 10 11 9 14 15 19 17 20 21 18 24 23 27 26 29 28
BLOCK 13 29 16 13 10 11 9 14 15 19 17 20 21 18 24 23 27 25 28 29
BLOCK 13 30 8 13 12 9 11 8 7 6 31 30
BLOCK 13 31 8 13 10 11 8 2 3 1 6 31
BLOCK 13 32 8 13 12 9 11 8 7 6 31 32
BLOCK 14 17 8 14 9 12 13 10 16 15 19 17
BLOCK 14 18 8 14 9 12 13 10 16 15 19 18
BLOCK 14 20 4 14 15 19 17 20
BLOCK 14 21 4 14 15 19 18 21
BLOCK 14 22 4 14 15 19 17 22
BLOCK 14 23 8 14 15 19 17 20 21 18 24 23
BLOCK 14 24 4 14 15 19 18 24
BLOCK 14 25 8 14 9 11 8 7 6 31 30 25
BLOCK 14 26 8 14 9 11 8 7 6 31 32 26
BLOCK 14 27 16 14 15 16 10 11 8 2 3 1 6 31 30 25 28 29 26 27
BLOCK 14 28 8 14 15 19 17 22 23 27 25 28
BLOCK 14 29 8 14 15 19 17 22 23 27 26 29
BLOCK 14 30 8 14 15 19 17 22 23 27 25 30
BLOCK 14 31 8 14 9 11 8 2 3 1 6 31
BLOCK 14 32 8 14 15 19 17 22 23 27 26 32
BLOCK 15 20 4 15 19 18 21 20
BLOCK 15 21 4 15 19 17 20 21
BLOCK 15 22 8 15 19 17 20 21 18 24 23 22
BLOCK 15 23 4 15 19 17 22 23
BLOCK 15 24 8 15 19 18 21 20 17 22 23 24
BLOCK 15 25 16 15 14 9 12 13 10 11 8 2 3 1 6 31 32 26 27 25
BLOCK 15 26 16 15 14 9 12 13 10 11 8 2 3 1 6 31 30 25 27 26
BLOCK 15 27 8 15 19 17 20 21 18 24 23 27
BLOCK 15 28 8 15 19 17 22 23 27 26 29 28
BLOCK 15 29 8 15 19 17 22 23 27 25 28 29
BLOCK 15 30 8 15 14 9 11 8 7 6 31 30
BLOCK 15 31 8 15 19 17 22 23 27 25 30 31
BLOCK 15 32 8 15 14 9 11 8 7 6 31 32
BLOCK 16 17 8 16 10 13 12 9 14 15 19 17
BLOCK 16 18 8 16 10 13 12 9 14 15 19 18
BLOCK 16 20 4 16 15 19 17 20
BLOCK 16 21 4 16 15 19 18 21
BLOCK 16 22 4 16 15 19 17 22
BLOCK 16 23 8 16 15 19 17 20 21 18 24 23
BLOCK 16 24 4 16 15 19 18 24
BLOCK 16 25 8 16 10 11 8 7 6 31 30 25
BLOCK 16 26 8 16 10 11 8 7 6 31 32 26
BLOCK 16 27 16 16 15 14 9 11 8 2 3 1 6 31 30 25 28 29 26 27
BLOCK 16 28 8 16 15 19 17 22 23 27 25 28
BLOCK 16 29 8 16 15 19 17 22 23 27 26 29
BLOCK 16 30 8 16 15 19 17 22 23 27 25 30
BLOCK 16 31 8 16 10 11 8 2 3 1 6 31
BLOCK 16 32 8 16 15 19 17 22 23 27 26 32
BLOCK 17 24 4 17 20 21 18 24
BLOCK 17 25 4 17 22 23 27 25
BLOCK 17 26 4 17 22 23 27 26
BLOCK 17 27 16 17 22 23 24 18 19 15 14 9 11 8 7 6 31 30 25 27
BLOCK 17 28 8 17 19 18 24 23 27 26 29 28
BLOCK 17 29 8 17 19 18 24 23 27 25 28 29
BLOCK 17 30 8 17 20 21 18 24 23 27 25 30
BLOCK 17 31 8 17 19 18 24 23 27 25 30 31
BLOCK 17 32 8 17 20 21 18 24 23 27 26 32
BLOCK 18 22 4 18 21 20 17 22
BLOCK 18 25 4 18 24 23 27 25
BLOCK 18 26 4 18 24 23 27 26
BLOCK 18 27 16 18 24 23 22 17 19 15 14 9 11 8 7 6 31 30 25 27
BLOCK 18 28 8 18 19 17 22 23 27 26 29 28
BLOCK 18 29 8 18 19 17 22 23 27 25 28 29
BLOCK 18 30 8 18 21 20 17 22 23 27 25 30
BLOCK 18 31 8 18 19 17 22 23 27 25 30 31
BLOCK 18 32 8 18 21 20 17 22 23 27 26 32
LEGAL 19 23
BLOCK 19 25 8 19 17 20 21 18 24 23 27 25
BLOCK 19 26 8 19 17 20 21 18 24 23 27 26
BLOCK 19 27 4 19 17 22 23 27
BLOCK 19 28 16 19 15 14 9 11 8 2 3 1 6 31 30 25 27 26 29 28
BLOCK 19 29 16 19 15 14 9 11 8 2 3 1 6 31 32 26 27 25 28 29
BLOCK 19 30 8 19 17 22 23 27 26 32 31 30
BLOCK 19 31 8 19 15 14 9 11 8 7 6 31
BLOCK 19 32 8 19 17 22 23 27 25 30 31 32
BLOCK 20 23 4 20 21 18 24 23
BLOCK 20 24 4 20 17 19 18 24
BLOCK 20 25 8 20 17 22 23 27 26 29 28 25
BLOCK 20 26 8 20 17 22 23 27 25 28 29 26
BLOCK 20 27 4 20 17 22 23 27
BLOCK 20 28 8 20 17 19 18 24 23 27 25 28
BLOCK 20 29 8 20 17 19 18 24 23 27 26 29
BLOCK 20 30 8 20 17 19 18 24 23 27 25 30
BLOCK 20 31 8 20 21 18 24 23 27 25 30 31
BLOCK 20 32 8 20 17 19 18 24 23 27 26 32
BLOCK 21 22 4 21 18 19 17 22
BLOCK 21 23 4 21 20 17 22 23
BLOCK 21 25 8 21 18 24 23 27 26 29 28 25
BLOCK 21 26 8 21 18 24 23 27 25 28 29 26
BLOCK 21 27 4 21 18 24 23 27
BLOCK 21 28 8 21 18 19 17 22 23 27 25 28
BLOCK 21 29 8 21 18 19 17 22 23 27 26 29
BLOCK 21 30 8 21 18 19 17 22 23 27 25 30
BLOCK 21 31 8 21 20 17 22 23 27 25 30 31
BLOCK 21 32 8 21 18 19 17 22 23 27 26 32
BLOCK 22 25 8 22 17 20 21 18 24 23 27 25
BLOCK 22 26 8 22 17 20 21 18 24 23 27 26
BLOCK 22 28 4 22 23 27 25 28
BLOCK 22 29 4 22 23 27 26 29
BLOCK 22 30 4 22 23 27 25 30
BLOCK 22 31 8 22 23 27 25 28 29 26 32 31
BLOCK 22 32 4 22 23 27 26 32
BLOCK 23 28 4 23 27 26 29 28
BLOCK 23 29 4 23 27 25 28 29
BLOCK 23 30 8 23 27 25 28 29 26 32 31 30
BLOCK 23 31 4 23 27 25 30 31
BLOCK 23 32 8 23 27 26 29 28 25 30 31 32
BLOCK 24 25 8 24 18 21 20 17 22 23 27 25
BLOCK 24 26 8 24 18 21 20 17 22 23 27 26
BLOCK 24 28 4 24 23 27 25 28
BLOCK 24 29 4 24 23 27 26 29
BLOCK 24 30 4 24 23 27 25 30
BLOCK 24 31 8 24 23 27 25 28 29 26 32 31
BLOCK 24 32 4 24 23 27 26 32
BLOCK 25 32 4 25 28 29 26 32
BLOCK 26 30 4 26 29 28 25 30
LEGAL 27 31
BLOCK 28 31 4 28 29 26 32 31
BLOCK 28 32 4 28 25 27 26 32
BLOCK 29 30 4 29 26 27 25 30
BLOCK 29 31 4 29 28 25 30 31
