BLOCK 3 4 4 3 1 4
BLOCK 3 5 4 3 2 5
BLOCK 3 7 8 3 1 4 5 2 8 7
BLOCK 3 11 16 3 1 6 40 39 38 32 31 30 24 23 22 16 10 11
BLOCK 3 12 16 3 2 5 4 1 6 7 8 14 15 16 10 11 9 12
BLOCK 3 13 8 3 2 8 14 9 12 13
BLOCK 3 15 8 3 1 6 7 8 14 15
BLOCK 3 19 16 3 1 4 5 2 8 14 9 12 13 10 16 22 17 19
BLOCK 3 20 16 3 1 4 5 2 8 14 9 12 13 10 16 22 17 20
BLOCK 3 21 16 3 1 4 5 2 8 14 9 11 10 16 22 17 20 21
BLOCK 3 23 16 3 1 4 5 2 8 14 15 16 22 17 19 18 24 23
BLOCK 3 27 16 3 1 4 5 2 8 14 15 16 22 23 24 30 25 27
BLOCK 3 28 16 3 1 4 5 2 8 7 6 40 39 38 32 26 29 28
BLOCK 3 29 16 3 1 6 7 8 14 15 16 22 23 24 30 25 28 29
BLOCK 3 31 16 3 1 4 5 2 8 7 6 40 34 35 33 38 32 31
BLOCK 3 35 16 3 2 8 14 15 16 22 23 24 30 31 32 38 33 35
BLOCK 3 36 8 3 1 6 40 34 37 36
BLOCK 3 37 16 3 1 4 5 2 8 7 6 40 39 38 33 35 34 37
BLOCK 3 39 8 3 2 8 7 6 40 39
BLOCK 4 5 8 4 1 6 7 8 2 5
BLOCK 4 7 8 4 5 2 3 1 6 7
BLOCK 4 11 8 4 5 2 8 14 9 11
BLOCK 4 12 8 4 5 2 8 14 9 12
BLOCK 4 13 16 4 1 6 40 39 38 32 31 30 24 23 22 16 10 13
BLOCK 4 15 8 4 1 3 2 8 14 15
BLOCK 4 19 16 4 1 3 2 8 14 9 11 10 16 22 23 24 18 19
BLOCK 4 20 16 4 1 3 2 8 14 15 16 22 23 24 18 19 17 20
BLOCK 4 21 16 4 1 3 2 8 14 9 11 10 16 22 17 19 18 21
BLOCK 4 23 16 4 1 3 2 8 7 6 40 39 38 32 31 30 24 23
BLOCK 4 27 16 4 1 3 2 8 7 6 40 34 35 33 38 32 26 27
BLOCK 4 28 16 4 1 3 2 8 7 6 40 39 38 32 26 27 25 28
BLOCK 4 29 16 4 1 3 2 8 7 6 40 34 35 33 38 32 26 29
BLOCK 4 31 16 4 1 3 2 8 7 6 40 34 37 36 33 38 32 31
BLOCK 4 35 16 4 1 3 2 8 7 6 40 39 38 33 36 37 34 35
BLOCK 4 36 8 4 1 6 40 34 37 36
BLOCK 4 37 32 4 1 3 2 8 14 9 12 13 10 16 22 17 20 21 18 24 30 25 28 29 26 32 38 39 40 34 35 33 36 37
BLOCK 4 39 16 4 5 2 8 14 15 16 22 23 24 30 31 32 38 39
BLOCK 5 7 8 5 4 1 3 2 8 7
BLOCK 5 11 16 5 2 3 1 6 7 8 14 15 16 10 13 12 9 11
BLOCK 5 12 32 5 2 3 1 6 40 34 37 36 33 38 32 26 29 28 25 30 24 18 21 20 17 22 16 15 14 9 11 10 13 12
BLOCK 5 13 8 5 2 8 14 9 12 13
BLOCK 5 15 16 5 4 1 6 40 39 38 32 31 30 24 23 22 16 15
BLOCK 5 19 16 5 2 3 1 6 7 8 14 9 11 10 16 22 17 19
BLOCK 5 20 16 5 2 3 1 6 7 8 14 9 11 10 16 22 17 20
BLOCK 5 21 16 5 2 3 1 6 7 8 14 15 16 22 17 19 18 21
BLOCK 5 23 16 5 2 3 1 6 7 8 14 9 12 13 10 16 22 23
BLOCK 5 27 16 5 2 3 1 6 40 34 35 33 38 32 31 30 25 27
BLOCK 5 28 16 5 2 3 1 6 40 34 35 33 38 32 26 27 25 28
BLOCK 5 29 16 5 2 3 1 6 40 39 38 32 31 30 25 27 26 29
BLOCK 5 31 16 5 2 3 1 6 7 8 14 15 16 22 23 24 30 31
BLOCK 5 35 8 5 4 1 6 40 34 35
BLOCK 5 36 16 5 2 8 14 15 16 22 23 24 30 31 32 38 33 36
BLOCK 5 37 8 5 4 1 6 40 34 37
BLOCK 5 39 8 5 2 3 1 6 40 39
BLOCK 7 11 8 7 8 14 15 16 10 11
BLOCK 7 12 16 7 6 40 39 38 32 31 30 24 23 22 16 10 13 12
BLOCK 7 13 8 7 8 14 9 11 10 13
BLOCK 7 15 16 7 6 40 34 35 33 38 32 31 30 24 23 22 16 15
BLOCK 7 19 16 7 6 1 3 2 8 14 9 12 13 10 16 22 17 19
BLOCK 7 20 16 7 6 1 3 2 8 14 9 12 13 10 16 22 17 20
BLOCK 7 21 16 7 6 1 3 2 8 14 9 11 10 16 22 17 20 21
BLOCK 7 23 8 7 8 14 15 16 22 23
BLOCK 7 27 16 7 6 1 3 2 8 14 15 16 22 23 24 30 25 27
BLOCK 7 28 16 7 6 1 3 2 8 14 15 16 22 23 24 30 25 28
BLOCK 7 29 16 7 6 40 34 37 36 33 38 32 31 30 25 27 26 29
BLOCK 7 31 8 7 6 40 39 38 32 31
BLOCK 7 35 8 7 6 40 39 38 33 35
BLOCK 7 36 8 7 6 40 34 35 33 36
BLOCK 7 37 16 7 8 14 15 16 22 23 24 30 31 32 38 33 36 37
BLOCK 7 39 16 7 8 14 9 11 10 16 22 23 24 30 31 32 38 39
BLOCK 11 12 4 11 9 12
BLOCK 11 13 4 11 10 13
BLOCK 11 15 8 11 9 12 13 10 16 15
BLOCK 11 19 16 11 9 14 8 7 6 40 39 38 32 31 30 24 18 19
BLOCK 11 20 16 11 10 13 12 9 14 15 16 22 23 24 18 19 17 20
BLOCK 11 21 8 11 10 16 22 17 20 21
BLOCK 11 23 8 11 9 14 15 16 22 23
BLOCK 11 27 16 11 9 12 13 10 16 22 17 20 21 18 24 30 25 27
BLOCK 11 28 16 11 9 12 13 10 16 22 17 20 21 18 24 30 25 28
BLOCK 11 29 16 11 9 12 13 10 16 22 17 19 18 24 30 25 28 29
BLOCK 11 31 16 11 9 12 13 10 16 22 23 24 30 25 27 26 32 31
BLOCK 11 35 16 11 9 12 13 10 16 22 23 24 30 31 32 38 33 35
BLOCK 11 36 16 11 9 12 13 10 16 15 14 8 7 6 40 34 37 36
BLOCK 11 37 16 11 9 14 8 2 3 1 6 40 39 38 33 35 34 37
BLOCK 11 39 16 11 9 12 13 10 16 15 14 8 2 3 1 6 40 39
BLOCK 12 13 8 12 9 14 15 16 10 13
BLOCK 12 15 8 12 13 10 11 9 14 15
BLOCK 12 19 8 12 13 10 16 22 17 19
BLOCK 12 20 8 12 13 10 16 22 17 20
BLOCK 12 21 16 12 9 14 8 7 6 40 39 38 32 31 30 24 18 21
BLOCK 12 23 8 12 9 11 10 16 22 23
BLOCK 12 27 16 12 9 11 10 16 22 17 19 18 24 30 31 32 26 27
BLOCK 12 28 16 12 9 11 10 16 22 23 24 30 31 32 26 27 25 28
BLOCK 12 29 16 12 9 11 10 16 22 17 19 18 24 30 25 27 26 29
BLOCK 12 31 16 12 9 11 10 16 15 14 8 7 6 40 39 38 32 31
BLOCK 12 35 16 12 9 11 10 16 15 14 8 2 3 1 6 40 34 35
BLOCK 12 36 16 12 9 11 10 16 15 14 8 7 6 40 34 35 33 36
BLOCK 12 37 16 12 9 11 10 16 15 14 8 2 3 1 6 40 34 37
BLOCK 12 39 16 12 9 11 10 16 15 14 8 2 5 4 1 6 40 39
BLOCK 13 15 8 13 12 9 11 10 16 15
BLOCK 13 19 16 13 10 11 9 14 15 16 22 23 24 18 21 20 17 19
BLOCK 13 20 32 13 10 11 9 14 8 2 5 4 1 6 40 34 37 36 33 38 32 26 29 28 25 30 24 23 22 17 19 18 21 20
BLOCK 13 21 8 13 10 16 22 17 20 21
BLOCK 13 23 16 13 12 9 14 8 7 6 40 39 38 32 31 30 24 23
BLOCK 13 27 16 13 10 11 9 14 15 16 22 17 19 18 24 30 25 27
BLOCK 13 28 16 13 10 11 9 14 8 7 6 40 39 38 32 26 29 28
BLOCK 13 29 16 13 10 11 9 14 15 16 22 23 24 30 25 27 26 29
BLOCK 13 31 16 13 10 11 9 14 8 2 3 1 6 40 39 38 32 31
BLOCK 13 35 16 13 10 11 9 14 8 2 3 1 6 40 39 38 33 35
BLOCK 13 36 16 13 10 11 9 14 8 2 3 1 6 40 34 35 33 36
BLOCK 13 37 16 13 10 11 9 14 8 7 6 40 39 38 33 35 34 37
BLOCK 13 39 16 13 10 11 9 14 8 7 6 40 34 37 36 33 38 39
BLOCK 15 19 8 15 16 22 23 24 18 19
BLOCK 15 20 16 15 14 8 7 6 40 39 38 32 31 30 24 18 21 20
BLOCK 15 21 8 15 16 22 17 19 18 21
BLOCK 15 23 16 15 14 8 2 3 1 6 40 39 38 32 31 30 24 23
BLOCK 15 27 16 15 14 8 2 3 1 6 40 34 35 33 38 32 26 27
BLOCK 15 28 16 15 14 8 2 3 1 6 40 39 38 32 26 27 25 28
BLOCK 15 29 16 15 14 8 2 3 1 6 40 34 35 33 38 32 26 29
BLOCK 15 31 8 15 16 22 23 24 30 31
BLOCK 15 35 16 15 14 8 2 3 1 6 40 39 38 33 36 37 34 35
BLOCK 15 36 16 15 14 8 2 3 1 6 40 39 38 33 35 34 37 36
BLOCK 15 37 16 15 14 8 2 5 4 1 6 40 39 38 33 35 34 37
BLOCK 15 39 8 15 14 8 7 6 40 39
BLOCK 19 20 4 19 17 20
BLOCK 19 21 4 19 18 21
BLOCK 19 23 8 19 17 20 21 18 24 23
BLOCK 19 27 16 19 17 22 16 15 14 8 7 6 40 39 38 32 26 27
BLOCK 19 28 16 19 18 21 20 17 22 23 24 30 31 32 26 27 25 28
BLOCK 19 29 8 19 18 24 30 25 28 29
BLOCK 19 31 8 19 17 22 23 24 30 31
BLOCK 19 35 16 19 17 20 21 18 24 30 25 28 29 26 32 38 33 35
BLOCK 19 36 16 19 17 20 21 18 24 30 25 28 29 26 32 38 33 36
BLOCK 19 37 16 19 17 20 21 18 24 30 25 27 26 32 38 33 36 37
BLOCK 19 39 16 19 17 20 21 18 24 30 31 32 38 33 35 34 40 39
BLOCK 20 21 8 20 17 22 23 24 18 21
BLOCK 20 23 8 20 21 18 19 17 22 23
BLOCK 20 27 8 20 21 18 24 30 25 27
BLOCK 20 28 8 20 21 18 24 30 25 28
BLOCK 20 29 16 20 17 22 16 15 14 8 7 6 40 39 38 32 26 29
BLOCK 20 31 8 20 17 19 18 24 30 31
BLOCK 20 35 16 20 17 19 18 24 30 25 27 26 32 38 39 40 34 35
BLOCK 20 36 16 20 17 19 18 24 30 31 32 38 39 40 34 35 33 36
BLOCK 20 37 16 20 17 19 18 24 30 25 27 26 32 38 33 35 34 37
BLOCK 20 39 16 20 17 19 18 24 23 22 16 15 14 8 7 6 40 39
BLOCK 21 23 8 21 20 17 19 18 24 23
BLOCK 21 27 16 21 18 19 17 22 23 24 30 31 32 26 29 28 25 27
BLOCK 21 28 32 21 18 19 17 22 16 10 13 12 9 14 8 2 5 4 1 6 40 34 37 36 33 38 32 31 30 25 27 26 29 28
BLOCK 21 29 8 21 18 24 30 25 28 29
BLOCK 21 31 16 21 20 17 22 16 15 14 8 7 6 40 39 38 32 31
BLOCK 21 35 16 21 18 19 17 22 23 24 30 25 27 26 32 38 33 35
BLOCK 21 36 16 21 18 19 17 22 16 15 14 8 7 6 40 34 37 36
BLOCK 21 37 16 21 18 19 17 22 23 24 30 31 32 38 33 35 34 37
BLOCK 21 39 16 21 18 19 17 22 16 10 11 9 14 8 7 6 40 39
BLOCK 23 27 8 23 24 30 31 32 26 27
BLOCK 23 28 16 23 22 16 15 14 8 7 6 40 39 38 32 26 29 28
BLOCK 23 29 8 23 24 30 25 27 26 29
BLOCK 23 31 16 23 22 16 10 11 9 14 8 7 6 40 39 38 32 31
BLOCK 23 35 16 23 22 16 10 11 9 14 8 2 3 1 6 40 34 35
BLOCK 23 36 16 23 22 16 10 11 9 14 8 7 6 40 34 35 33 36
BLOCK 23 37 16 23 22 16 10 11 9 14 8 2 3 1 6 40 34 37
BLOCK 23 39 8 23 24 30 31 32 38 39
BLOCK 27 28 4 27 25 28
BLOCK 27 29 4 27 26 29
BLOCK 27 31 8 27 25 28 29 26 32 31
BLOCK 27 35 16 27 25 30 24 23 22 16 15 14 8 7 6 40 34 35
BLOCK 27 36 16 27 26 29 28 25 30 31 32 38 39 40 34 35 33 36
BLOCK 27 37 8 27 26 32 38 33 36 37
BLOCK 27 39 8 27 25 30 31 32 38 39
BLOCK 28 29 8 28 25 30 31 32 26 29
BLOCK 28 31 8 28 29 26 27 25 30 31
BLOCK 28 35 8 28 29 26 32 38 33 35
BLOCK 28 36 8 28 29 26 32 38 33 36
BLOCK 28 37 16 28 25 30 24 23 22 16 15 14 8 7 6 40 34 37
BLOCK 28 39 8 28 25 27 26 32 38 39
BLOCK 29 31 8 29 28 25 27 26 32 31
BLOCK 29 35 16 29 26 27 25 30 31 32 38 39 40 34 37 36 33 35
BLOCK 29 36 32 29 26 27 25 30 24 18 21 20 17 22 16 10 13 12 9 14 8 2 5 4 1 6 40 39 38 33 35 34 37 36
BLOCK 29 37 8 29 26 32 38 33 36 37
BLOCK 29 39 16 29 28 25 30 24 23 22 16 15 14 8 7 6 40 39
BLOCK 31 35 8 31 32 38 39 40 34 35
BLOCK 31 36 16 31 30 24 23 22 16 15 14 8 7 6 40 34 37 36
BLOCK 31 37 8 31 32 38 33 35 34 37
BLOCK 31 39 16 31 30 24 18 19 17 22 16 15 14 8 7 6 40 39
BLOCK 35 36 4 35 33 36
BLOCK 35 37 4 35 34 37
BLOCK 35 39 8 35 33 36 37 34 40 39
BLOCK 36 37 8 36 33 38 39 40 34 37
BLOCK 36 39 8 36 37 34 35 33 38 39
BLOCK 37 39 8 37 36 33 35 34 40 39
