BLOCK 1 8 4 1 4 5 2 8
BLOCK 1 9 16 1 6 40 34 35 33 38 32 31 30 24 23 22 16 10 11 9
BLOCK 1 10 8 1 3 2 8 14 9 12 13 10
BLOCK 1 11 8 1 3 2 8 14 15 16 10 11
BLOCK 1 12 16 1 6 40 34 35 33 38 32 31 30 24 23 22 16 10 13 12
BLOCK 1 13 8 1 3 2 8 14 9 11 10 13
BLOCK 1 14 4 1 3 2 8 14
BLOCK 1 15 16 1 3 2 8 7 6 40 39 38 32 31 30 24 23 22 16 15
BLOCK 1 16 8 1 3 2 8 14 9 11 10 16
BLOCK 1 17 8 1 3 2 8 14 15 16 22 17
BLOCK 1 18 16 1 3 2 8 7 6 40 34 37 36 33 38 32 31 30 24 18
BLOCK 1 19 16 1 3 2 8 7 6 40 34 35 33 38 32 31 30 24 18 19
BLOCK 1 20 16 1 3 2 8 7 6 40 39 38 32 31 30 24 18 19 17 20
BLOCK 1 21 16 1 3 2 8 7 6 40 34 35 33 38 32 31 30 24 18 21
BLOCK 1 22 8 1 4 5 2 8 14 15 16 22
BLOCK 1 23 8 1 3 2 8 14 15 16 22 23
BLOCK 1 24 8 1 6 40 39 38 32 31 30 24
BLOCK 1 25 8 1 6 40 39 38 32 26 27 25
BLOCK 1 26 8 1 6 40 34 35 33 38 32 26
BLOCK 1 27 16 1 3 2 8 7 6 40 34 35 33 38 32 26 29 28 25 27
BLOCK 1 28 8 1 6 40 39 38 32 26 29 28
BLOCK 1 29 16 1 3 2 8 7 6 40 34 35 33 38 32 26 27 25 28 29
BLOCK 1 30 16 1 3 2 8 7 6 40 34 35 33 38 32 26 29 28 25 30
BLOCK 1 31 8 1 6 40 34 35 33 38 32 31
BLOCK 1 32 8 1 6 40 34 37 36 33 38 32
BLOCK 1 33 16 1 3 2 8 14 9 11 10 16 22 23 24 30 31 32 38 33
BLOCK 1 34 8 1 4 5 2 8 7 6 40 34
BLOCK 1 35 4 1 6 40 34 35
BLOCK 1 36 16 1 4 5 2 8 14 15 16 22 23 24 30 31 32 38 33 36
BLOCK 1 37 4 1 6 40 34 37
BLOCK 1 38 4 1 6 40 39 38
BLOCK 1 39 8 1 4 5 2 8 7 6 40 39
BLOCK 2 6 4 2 5 4 1 6
BLOCK 2 9 8 2 5 4 1 6 7 8 14 9
BLOCK 2 10 16 2 3 1 6 40 34 35 33 38 32 31 30 24 23 22 16 10
BLOCK 2 11 4 2 8 14 9 11
BLOCK 2 12 4 2 8 14 9 12
BLOCK 2 13 16 2 5 4 1 6 40 39 38 32 31 30 24 23 22 16 10 13
BLOCK 2 15 8 2 5 4 1 6 7 8 14 15
BLOCK 2 16 4 2 8 14 15 16
BLOCK 2 17 8 2 8 14 9 11 10 16 22 17
BLOCK 2 18 8 2 8 14 15 16 22 17 19 18
BLOCK 2 19 16 2 3 1 6 7 8 14 9 11 10 16 22 17 20 21 18 19
BLOCK 2 20 16 2 3 1 6 7 8 14 9 11 10 16 22 17 19 18 21 20
BLOCK 2 21 8 2 8 14 15 16 22 17 20 21
BLOCK 2 22 8 2 8 14 9 12 13 10 16 22
BLOCK 2 23 8 2 8 14 9 11 10 16 22 23
BLOCK 2 24 16 2 3 1 6 7 8 14 9 11 10 16 22 17 20 21 18 24
BLOCK 2 25 16 2 3 1 6 7 8 14 9 12 13 10 16 22 23 24 30 25
BLOCK 2 26 8 2 3 1 6 40 39 38 32 26
BLOCK 2 27 16 2 3 1 6 7 8 14 9 11 10 16 22 23 24 30 25 27
BLOCK 2 28 16 2 3 1 6 7 8 14 9 11 10 16 22 23 24 30 25 28
BLOCK 2 29 16 2 3 1 6 7 8 14 15 16 22 23 24 30 25 27 26 29
BLOCK 2 30 8 2 8 14 15 16 22 23 24 30
BLOCK 2 31 8 2 3 1 6 40 39 38 32 31
BLOCK 2 32 8 2 5 4 1 6 40 39 38 32
BLOCK 2 33 8 2 3 1 6 40 34 37 36 33
BLOCK 2 34 16 2 8 14 9 11 10 16 22 23 24 30 31 32 38 33 35 34
BLOCK 2 35 8 2 3 1 6 40 39 38 33 35
BLOCK 2 36 8 2 3 1 6 40 34 35 33 36
BLOCK 2 37 16 2 8 14 9 11 10 16 22 23 24 30 31 32 38 33 36 37
BLOCK 2 38 8 2 3 1 6 40 34 35 33 38
BLOCK 2 39 16 2 3 1 6 7 8 14 15 16 22 23 24 30 31 32 38 39
BLOCK 2 40 4 2 3 1 6 40
BLOCK 3 7 16 3 1 6 40 39 38 32 31 30 24 23 22 16 15 14 8 7
BLOCK 3 9 4 3 2 8 14 9
BLOCK 3 10 8 3 1 6 7 8 14 9 11 10
BLOCK 3 11 8 3 1 4 5 2 8 14 9 11
BLOCK 3 12 8 3 1 4 5 2 8 14 9 12
BLOCK 3 13 8 3 1 6 7 8 14 9 12 13
BLOCK 3 14 8 3 2 5 4 1 6 7 8 14
BLOCK 3 15 4 3 2 8 14 15
BLOCK 3 16 8 3 1 4 5 2 8 14 15 16
BLOCK 3 17 16 3 1 4 5 2 8 14 9 11 10 16 22 23 24 18 19 17
BLOCK 3 18 16 3 1 4 5 2 8 14 9 12 13 10 16 22 17 20 21 18
BLOCK 3 19 8 3 2 8 14 15 16 22 17 19
BLOCK 3 20 8 3 2 8 14 15 16 22 17 20
BLOCK 3 21 16 3 1 4 5 2 8 7 6 40 39 38 32 31 30 24 18 21
BLOCK 3 22 8 3 1 6 7 8 14 15 16 22
BLOCK 3 23 16 3 1 4 5 2 8 14 9 11 10 16 22 17 19 18 24 23
BLOCK 3 24 8 3 2 8 14 15 16 22 23 24
BLOCK 3 25 16 3 1 4 5 2 8 7 6 40 34 35 33 38 32 26 27 25
BLOCK 3 26 16 3 1 4 5 2 8 7 6 40 39 38 32 31 30 25 27 26
BLOCK 3 27 8 3 1 6 40 39 38 32 26 27
BLOCK 3 28 16 3 1 4 5 2 8 7 6 40 34 35 33 38 32 26 29 28
BLOCK 3 29 8 3 1 6 40 39 38 32 26 29
BLOCK 3 30 8 3 1 6 40 39 38 32 31 30
BLOCK 3 31 16 3 1 4 5 2 8 7 6 40 39 38 32 26 27 25 30 31
BLOCK 3 32 8 3 1 6 40 34 35 33 38 32
BLOCK 3 33 8 3 2 8 7 6 40 34 35 33
BLOCK 3 34 4 3 1 6 40 34
BLOCK 3 35 8 3 1 6 40 34 37 36 33 35
BLOCK 3 36 8 3 2 8 7 6 40 34 37 36
BLOCK 3 37 8 3 1 6 40 34 35 33 36 37
BLOCK 3 38 8 3 1 6 40 34 37 36 33 38
BLOCK 3 39 4 3 1 6 40 39
BLOCK 3 40 8 3 1 4 5 2 8 7 6 40
BLOCK 4 7 4 4 5 2 8 7
BLOCK 4 8 4 4 1 3 2 8
BLOCK 4 9 16 4 1 6 40 39 38 32 31 30 24 23 22 16 10 13 12 9
BLOCK 4 10 8 4 1 3 2 8 14 9 11 10
BLOCK 4 11 8 4 5 2 8 14 15 16 10 11
BLOCK 4 12 16 4 1 6 40 39 38 32 31 30 24 23 22 16 10 11 9 12
BLOCK 4 13 8 4 1 3 2 8 14 9 12 13
BLOCK 4 14 4 4 5 2 8 14
BLOCK 4 15 16 4 1 6 40 34 37 36 33 38 32 31 30 24 23 22 16 15
BLOCK 4 16 8 4 5 2 8 14 9 11 10 16
BLOCK 4 17 8 4 5 2 8 14 15 16 22 17
BLOCK 4 18 16 4 1 3 2 8 7 6 40 34 35 33 38 32 31 30 24 18
BLOCK 4 19 16 4 1 3 2 8 14 9 12 13 10 16 22 17 20 21 18 19
BLOCK 4 20 16 4 1 3 2 8 7 6 40 39 38 32 31 30 24 18 21 20
BLOCK 4 21 16 4 1 6 40 34 35 33 38 32 26 29 28 25 30 24 18 21
BLOCK 4 22 8 4 1 3 2 8 14 15 16 22
BLOCK 4 23 8 4 5 2 8 14 15 16 22 23
BLOCK 4 24 16 4 1 3 2 8 7 6 40 34 37 36 33 38 32 31 30 24
BLOCK 4 25 16 4 1 3 2 8 7 6 40 34 35 33 38 32 26 29 28 25
BLOCK 4 26 16 4 1 3 2 8 7 6 40 39 38 32 31 30 25 28 29 26
BLOCK 4 27 8 4 1 6 40 39 38 32 26 27
BLOCK 4 28 16 4 1 3 2 8 7 6 40 34 35 33 38 32 26 27 25 28
BLOCK 4 29 8 4 1 6 40 39 38 32 26 29
BLOCK 4 30 8 4 1 6 40 39 38 32 31 30
BLOCK 4 31 16 4 1 3 2 8 7 6 40 39 38 32 26 29 28 25 30 31
BLOCK 4 32 8 4 1 6 40 34 35 33 38 32
BLOCK 4 33 16 4 5 2 8 14 9 11 10 16 22 23 24 30 31 32 38 33
BLOCK 4 34 4 4 1 6 40 34
BLOCK 4 35 8 4 1 6 40 34 37 36 33 35
BLOCK 4 36 16 4 1 3 2 8 14 15 16 22 23 24 30 31 32 38 33 36
BLOCK 4 37 8 4 1 6 40 34 35 33 36 37
BLOCK 4 38 8 4 1 6 40 34 37 36 33 38
BLOCK 4 39 4 4 1 6 40 39
BLOCK 4 40 16 4 1 3 2 8 14 15 16 22 23 24 30 31 32 38 39 40
BLOCK 5 6 4 5 2 3 1 6
BLOCK 5 7 4 5 4 1 6 7
BLOCK 5 9 4 5 2 8 14 9
BLOCK 5 10 16 5 4 1 6 40 34 35 33 38 32 31 30 24 23 22 16 10
BLOCK 5 11 8 5 2 8 14 9 12 13 10 11
BLOCK 5 12 8 5 2 8 14 9 11 10 13 12
BLOCK 5 13 16 5 2 3 1 6 40 39 38 32 31 30 24 23 22 16 10 13
BLOCK 5 14 16 5 2 3 1 6 40 39 38 32 31 30 24 23 22 16 15 14
BLOCK 5 15 4 5 2 8 14 15
BLOCK 5 16 8 5 2 8 14 9 12 13 10 16
BLOCK 5 17 16 5 2 3 1 6 7 8 14 15 16 22 23 24 18 21 20 17
BLOCK 5 18 16 5 2 3 1 6 7 8 14 9 11 10 16 22 17 20 21 18
BLOCK 5 19 8 5 2 8 14 15 16 22 17 19
BLOCK 5 20 8 5 2 8 14 15 16 22 17 20
BLOCK 5 21 16 5 2 3 1 6 7 8 14 9 11 10 16 22 17 19 18 21
BLOCK 5 22 8 5 2 8 14 9 11 10 16 22
BLOCK 5 23 16 5 2 3 1 6 7 8 14 15 16 22 17 20 21 18 24 23
BLOCK 5 24 8 5 2 8 14 15 16 22 23 24
BLOCK 5 25 16 5 2 3 1 6 7 8 14 9 11 10 16 22 23 24 30 25
BLOCK 5 26 8 5 4 1 6 40 39 38 32 26
BLOCK 5 27 16 5 2 3 1 6 40 34 37 36 33 38 32 26 29 28 25 27
BLOCK 5 28 16 5 2 8 14 9 11 10 16 22 17 20 21 18 24 30 25 28
BLOCK 5 29 16 5 2 3 1 6 7 8 14 15 16 22 23 24 30 25 28 29
BLOCK 5 30 16 5 2 3 1 6 7 8 14 9 12 13 10 16 22 23 24 30
BLOCK 5 31 8 5 4 1 6 40 39 38 32 31
BLOCK 5 32 8 5 2 3 1 6 40 39 38 32
BLOCK 5 33 8 5 2 3 1 6 40 34 35 33
BLOCK 5 34 16 5 2 8 14 15 16 22 23 24 30 31 32 38 33 36 37 34
BLOCK 5 35 8 5 4 1 6 40 39 38 33 35
BLOCK 5 36 8 5 2 3 1 6 40 34 37 36
BLOCK 5 37 16 5 2 8 14 15 16 22 23 24 30 31 32 38 33 35 34 37
BLOCK 5 38 8 5 4 1 6 40 34 35 33 38
BLOCK 5 39 16 5 2 8 14 9 12 13 10 16 22 23 24 30 31 32 38 39
BLOCK 5 40 4 5 4 1 6 40
BLOCK 6 9 4 6 7 8 14 9
BLOCK 6 10 8 6 1 3 2 8 14 9 11 10
BLOCK 6 11 8 6 1 4 5 2 8 14 9 11
BLOCK 6 12 8 6 1 4 5 2 8 14 9 12
BLOCK 6 13 8 6 1 3 2 8 14 9 12 13
BLOCK 6 14 16 6 40 34 35 33 38 32 26 27 25 30 24 23 22 16 15 14
BLOCK 6 15 4 6 7 8 14 15
BLOCK 6 16 8 6 1 4 5 2 8 14 15 16
BLOCK 6 17 16 6 1 3 2 8 14 9 11 10 16 22 23 24 18 21 20 17
BLOCK 6 18 8 6 40 39 38 32 31 30 24 18
BLOCK 6 19 8 6 7 8 14 15 16 22 17 19
BLOCK 6 20 8 6 7 8 14 15 16 22 17 20
BLOCK 6 21 16 6 1 4 5 2 8 14 9 12 13 10 16 22 17 19 18 21
BLOCK 6 22 8 6 1 3 2 8 14 15 16 22
BLOCK 6 23 8 6 40 39 38 32 31 30 24 23
BLOCK 6 24 8 6 7 8 14 15 16 22 23 24
BLOCK 6 25 8 6 40 39 38 32 26 29 28 25
BLOCK 6 26 8 6 40 34 37 36 33 38 32 26
BLOCK 6 27 8 6 40 34 35 33 38 32 26 27
BLOCK 6 28 8 6 40 39 38 32 26 27 25 28
BLOCK 6 29 8 6 40 34 35 33 38 32 26 29
BLOCK 6 30 8 6 40 34 35 33 38 32 31 30
BLOCK 6 31 8 6 40 34 37 36 33 38 32 31
BLOCK 6 32 4 6 40 39 38 32
BLOCK 6 33 4 6 40 34 35 33
BLOCK 6 35 8 6 40 39 38 33 36 37 34 35
BLOCK 6 36 4 6 40 34 37 36
BLOCK 6 37 16 6 7 8 14 15 16 22 23 24 30 31 32 38 33 35 34 37
BLOCK 6 38 16 6 1 3 2 8 14 9 11 10 16 22 23 24 30 31 32 38
BLOCK 7 9 8 7 6 1 4 5 2 8 14 9
BLOCK 7 10 16 7 6 40 34 35 33 38 32 26 27 25 30 24 23 22 16 10
BLOCK 7 11 4 7 8 14 9 11
BLOCK 7 12 4 7 8 14 9 12
BLOCK 7 13 16 7 6 40 34 37 36 33 38 32 31 30 24 23 22 16 10 13
BLOCK 7 15 8 7 6 1 4 5 2 8 14 15
BLOCK 7 16 4 7 8 14 15 16
BLOCK 7 17 8 7 8 14 9 11 10 16 22 17
BLOCK 7 18 8 7 8 14 15 16 22 17 19 18
BLOCK 7 19 16 7 6 1 3 2 8 14 9 11 10 16 22 17 20 21 18 19
BLOCK 7 20 16 7 6 1 3 2 8 14 9 11 10 16 22 17 19 18 21 20
BLOCK 7 21 8 7 8 14 15 16 22 17 20 21
BLOCK 7 22 8 7 8 14 9 12 13 10 16 22
BLOCK 7 23 8 7 8 14 9 11 10 16 22 23
BLOCK 7 24 8 7 6 40 39 38 32 31 30 24
BLOCK 7 25 8 7 6 40 39 38 32 26 27 25
BLOCK 7 26 8 7 6 40 34 35 33 38 32 26
BLOCK 7 27 16 7 6 1 3 2 8 14 9 11 10 16 22 23 24 30 25 27
BLOCK 7 28 8 7 6 40 39 38 32 26 29 28
BLOCK 7 29 16 7 6 1 3 2 8 14 15 16 22 23 24 30 25 27 26 29
BLOCK 7 30 8 7 8 14 15 16 22 23 24 30
BLOCK 7 31 8 7 6 40 34 35 33 38 32 31
BLOCK 7 32 8 7 6 40 34 37 36 33 38 32
BLOCK 7 33 16 7 6 1 3 2 8 14 15 16 22 23 24 30 31 32 38 33
BLOCK 7 34 8 7 6 40 39 38 33 36 37 34
BLOCK 7 35 4 7 6 40 34 35
BLOCK 7 36 16 7 8 14 9 12 13 10 16 22 23 24 30 31 32 38 33 36
BLOCK 7 37 4 7 6 40 34 37
BLOCK 7 38 4 7 6 40 39 38
BLOCK 7 39 8 7 6 40 34 37 36 33 38 39
BLOCK 8 10 4 8 14 9 11 10
BLOCK 8 11 8 8 14 15 16 10 13 12 9 11
BLOCK 8 12 16 8 7 6 40 39 38 32 31 30 24 23 22 16 10 11 9 12
BLOCK 8 13 4 8 14 9 12 13
BLOCK 8 16 16 8 2 3 1 6 40 34 35 33 38 32 31 30 24 23 22 16
BLOCK 8 17 8 8 14 9 12 13 10 16 22 17
BLOCK 8 18 8 8 14 15 16 22 17 20 21 18
BLOCK 8 19 8 8 14 9 11 10 16 22 17 19
BLOCK 8 20 8 8 14 9 11 10 16 22 17 20
BLOCK 8 21 8 8 14 15 16 22 17 19 18 21
BLOCK 8 22 4 8 14 15 16 22
BLOCK 8 23 8 8 14 9 12 13 10 16 22 23
BLOCK 8 24 8 8 14 9 11 10 16 22 23 24
BLOCK 8 25 8 8 14 15 16 22 23 24 30 25
BLOCK 8 26 16 8 2 3 1 6 40 34 35 33 38 32 31 30 25 28 29 26
BLOCK 8 27 8 8 7 6 40 39 38 32 26 27
BLOCK 8 28 16 8 2 5 4 1 6 40 34 37 36 33 38 32 26 27 25 28
BLOCK 8 29 8 8 7 6 40 39 38 32 26 29
BLOCK 8 30 8 8 7 6 40 39 38 32 31 30
BLOCK 8 31 8 8 14 15 16 22 23 24 30 31
BLOCK 8 32 8 8 2 3 1 6 40 39 38 32
BLOCK 8 33 8 8 2 3 1 6 40 34 35 33
BLOCK 8 34 4 8 7 6 40 34
BLOCK 8 35 8 8 2 5 4 1 6 40 34 35
BLOCK 8 36 8 8 2 3 1 6 40 34 37 36
BLOCK 8 37 8 8 2 5 4 1 6 40 34 37
BLOCK 8 38 8 8 2 5 4 1 6 40 39 38
BLOCK 8 39 4 8 7 6 40 39
BLOCK 8 40 16 8 14 9 11 10 16 22 17 19 18 24 30 31 32 38 39 40
BLOCK 9 16 4 9 12 13 10 16
BLOCK 9 17 16 9 14 8 2 3 1 6 40 39 38 32 31 30 24 18 19 17
BLOCK 9 18 8 9 11 10 16 22 17 20 21 18
BLOCK 9 19 8 9 11 10 16 22 23 24 18 19
BLOCK 9 20 16 9 14 8 2 3 1 6 40 39 38 32 31 30 24 18 21 20
BLOCK 9 21 8 9 11 10 16 22 17 19 18 21
BLOCK 9 22 4 9 11 10 16 22
BLOCK 9 23 16 9 11 10 16 15 14 8 7 6 40 39 38 32 31 30 24 23
BLOCK 9 24 8 9 11 10 16 22 17 19 18 24
BLOCK 9 25 8 9 11 10 16 22 23 24 30 25
BLOCK 9 26 16 9 11 10 16 15 14 8 2 5 4 1 6 40 39 38 32 26
BLOCK 9 27 16 9 11 10 16 15 14 8 2 3 1 6 40 39 38 32 26 27
BLOCK 9 28 16 9 11 10 16 15 14 8 7 6 40 39 38 32 26 27 25 28
BLOCK 9 29 16 9 11 10 16 15 14 8 2 3 1 6 40 39 38 32 26 29
BLOCK 9 30 8 9 12 13 10 16 22 23 24 30
BLOCK 9 31 8 9 11 10 16 22 23 24 30 31
BLOCK 9 32 8 9 14 8 7 6 40 39 38 32
BLOCK 9 33 8 9 14 8 7 6 40 34 35 33
BLOCK 9 34 8 9 14 8 2 3 1 6 40 34
BLOCK 9 35 16 9 11 10 16 15 14 8 2 3 1 6 40 34 37 36 33 35
BLOCK 9 36 8 9 14 8 7 6 40 34 37 36
BLOCK 9 37 16 9 11 10 16 15 14 8 2 3 1 6 40 34 35 33 36 37
BLOCK 9 38 16 9 11 10 16 15 14 8 2 3 1 6 40 34 37 36 33 38
BLOCK 9 39 8 9 14 8 2 3 1 6 40 39
BLOCK 9 40 8 9 14 8 2 5 4 1 6 40
BLOCK 10 14 4 10 13 12 9 14
BLOCK 10 17 8 10 13 12 9 14 15 16 22 17
BLOCK 10 18 16 10 11 9 14 8 2 3 1 6 40 39 38 32 31 30 24 18
BLOCK 10 19 4 10 16 22 17 19
BLOCK 10 20 4 10 16 22 17 20
BLOCK 10 21 16 10 13 12 9 14 8 7 6 40 39 38 32 31 30 24 18 21
BLOCK 10 23 8 10 13 12 9 14 15 16 22 23
BLOCK 10 24 4 10 16 22 23 24
BLOCK 10 25 8 10 16 22 17 19 18 24 30 25
BLOCK 10 26 8 10 16 22 23 24 30 25 27 26
BLOCK 10 27 16 10 11 9 14 8 2 3 1 6 40 34 35 33 38 32 26 27
BLOCK 10 28 16 10 11 9 14 8 2 3 1 6 40 39 38 32 26 27 25 28
BLOCK 10 29 8 10 16 22 23 24 30 25 28 29
BLOCK 10 30 8 10 16 22 17 20 21 18 24 30
BLOCK 10 31 8 10 16 22 17 19 18 24 30 31
BLOCK 10 32 16 10 11 9 14 8 2 5 4 1 6 40 34 37 36 33 38 32
BLOCK 10 33 16 10 11 9 14 15 16 22 17 20 21 18 24 30 31 32 38 33
BLOCK 10 34 8 10 11 9 14 8 7 6 40 34
BLOCK 10 35 16 10 11 9 14 8 2 3 1 6 40 39 38 33 36 37 34 35
BLOCK 10 36 16 10 11 9 14 8 2 3 1 6 40 39 38 33 35 34 37 36
BLOCK 10 37 16 10 11 9 14 8 2 5 4 1 6 40 39 38 33 35 34 37
BLOCK 10 38 8 10 16 22 23 24 30 31 32 38
BLOCK 10 39 8 10 11 9 14 8 7 6 40 39
BLOCK 10 40 8 10 13 12 9 14 8 7 6 40
BLOCK 11 15 16 11 9 14 8 7 6 40 39 38 32 31 30 24 23 22 16 15
BLOCK 11 17 4 11 10 16 22 17
BLOCK 11 18 8 11 9 14 15 16 22 17 19 18
BLOCK 11 19 8 11 9 12 13 10 16 22 17 19
BLOCK 11 20 8 11 9 12 13 10 16 22 17 20
BLOCK 11 21 8 11 9 14 15 16 22 17 20 21
BLOCK 11 22 8 11 10 13 12 9 14 15 16 22
BLOCK 11 23 4 11 10 16 22 23
BLOCK 11 24 8 11 9 12 13 10 16 22 23 24
BLOCK 11 25 16 11 9 12 13 10 16 22 17 19 18 24 30 31 32 26 27 25
BLOCK 11 26 16 11 9 12 13 10 16 22 17 20 21 18 24 30 25 28 29 26
BLOCK 11 27 8 11 10 16 22 23 24 30 25 27
BLOCK 11 28 8 11 10 16 22 23 24 30 25 28
BLOCK 11 29 16 11 9 12 13 10 16 15 14 8 7 6 40 39 38 32 26 29
BLOCK 11 30 8 11 9 14 15 16 22 23 24 30
BLOCK 11 31 16 11 9 12 13 10 16 22 17 19 18 24 30 25 27 26 32 31
BLOCK 11 32 8 11 10 16 22 23 24 30 31 32
BLOCK 11 33 16 11 9 12 13 10 16 15 14 8 2 3 1 6 40 34 35 33
BLOCK 11 34 16 11 9 12 13 10 16 15 14 8 7 6 40 39 38 33 35 34
BLOCK 11 35 8 11 9 14 8 7 6 40 34 35
BLOCK 11 36 16 11 9 12 13 10 16 15 14 8 2 3 1 6 40 34 37 36
BLOCK 11 37 8 11 9 14 8 7 6 40 34 37
BLOCK 11 38 8 11 9 14 8 7 6 40 39 38
BLOCK 11 39 16 11 9 12 13 10 16 15 14 8 7 6 40 34 35 33 38 39
BLOCK 11 40 8 11 9 14 8 2 3 1 6 40
BLOCK 12 15 4 12 13 10 16 15
BLOCK 12 16 4 12 9 11 10 16
BLOCK 12 17 16 12 9 14 8 7 6 40 39 38 32 31 30 24 18 21 20 17
BLOCK 12 18 8 12 9 11 10 16 22 17 19 18
BLOCK 12 19 8 12 13 10 16 22 23 24 18 19
BLOCK 12 20 16 12 9 14 8 7 6 40 39 38 32 31 30 24 18 19 17 20
BLOCK 12 21 8 12 9 11 10 16 22 17 20 21
BLOCK 12 22 4 12 13 10 16 22
BLOCK 12 23 16 12 9 14 8 2 5 4 1 6 40 39 38 32 31 30 24 23
BLOCK 12 24 8 12 13 10 16 22 17 19 18 24
BLOCK 12 25 8 12 13 10 16 22 23 24 30 25
BLOCK 12 26 16 12 9 11 10 16 15 14 8 2 3 1 6 40 39 38 32 26
BLOCK 12 27 16 12 9 11 10 16 22 17 20 21 18 24 30 25 28 29 26 27
BLOCK 12 28 16 12 9 11 10 16 15 14 8 7 6 40 39 38 32 26 29 28
BLOCK 12 29 16 12 9 14 8 2 3 1 6 40 34 37 36 33 38 32 26 29
BLOCK 12 30 8 12 9 11 10 16 22 23 24 30
BLOCK 12 31 8 12 13 10 16 22 23 24 30 31
BLOCK 12 32 16 12 9 11 10 16 15 14 8 2 5 4 1 6 40 39 38 32
BLOCK 12 33 16 12 9 11 10 16 15 14 8 2 3 1 6 40 34 37 36 33
BLOCK 12 34 16 12 9 11 10 16 15 14 8 7 6 40 39 38 33 36 37 34
BLOCK 12 35 8 12 9 14 8 7 6 40 34 35
BLOCK 12 36 16 12 9 11 10 16 15 14 8 2 3 1 6 40 34 35 33 36
BLOCK 12 37 8 12 9 14 8 7 6 40 34 37
BLOCK 12 38 8 12 9 14 8 7 6 40 39 38
BLOCK 12 39 16 12 9 11 10 16 15 14 8 7 6 40 34 37 36 33 38 39
BLOCK 12 40 8 12 9 14 8 2 3 1 6 40
BLOCK 13 14 4 13 10 11 9 14
BLOCK 13 15 4 13 12 9 14 15
BLOCK 13 17 4 13 10 16 22 17
BLOCK 13 18 16 13 12 9 14 8 2 3 1 6 40 39 38 32 31 30 24 18
BLOCK 13 19 8 13 10 16 22 17 20 21 18 19
BLOCK 13 20 8 13 10 16 22 17 19 18 21 20
BLOCK 13 21 16 13 10 11 9 14 8 7 6 40 39 38 32 31 30 24 18 21
BLOCK 13 22 16 13 10 11 9 14 8 7 6 40 39 38 32 31 30 24 23 22
BLOCK 13 23 4 13 10 16 22 23
BLOCK 13 24 8 13 10 16 22 17 20 21 18 24
BLOCK 13 25 16 13 10 11 9 14 8 2 3 1 6 40 39 38 32 26 27 25
BLOCK 13 26 16 13 10 11 9 14 8 2 3 1 6 40 34 35 33 38 32 26
BLOCK 13 27 8 13 10 16 22 23 24 30 25 27
BLOCK 13 28 8 13 10 16 22 23 24 30 25 28
BLOCK 13 29 16 13 10 11 9 14 8 2 5 4 1 6 40 39 38 32 26 29
BLOCK 13 30 8 13 10 16 22 17 19 18 24 30
BLOCK 13 31 16 13 10 11 9 14 8 2 3 1 6 40 34 35 33 38 32 31
BLOCK 13 32 8 13 10 16 22 23 24 30 31 32
BLOCK 13 33 16 13 10 11 9 14 15 16 22 17 19 18 24 30 31 32 38 33
BLOCK 13 34 8 13 12 9 14 8 7 6 40 34
BLOCK 13 35 16 13 10 11 9 14 8 2 5 4 1 6 40 34 37 36 33 35
BLOCK 13 36 16 13 10 16 22 17 19 18 24 30 25 28 29 26 32 38 33 36
BLOCK 13 37 16 13 10 11 9 14 8 2 3 1 6 40 39 38 33 35 34 37
BLOCK 13 38 16 13 10 11 9 14 8 2 5 4 1 6 40 34 37 36 33 38
BLOCK 13 39 8 13 12 9 14 8 7 6 40 39
BLOCK 13 40 8 13 10 11 9 14 8 7 6 40
BLOCK 14 17 4 14 15 16 22 17
BLOCK 14 18 8 14 9 11 10 16 22 17 19 18
BLOCK 14 19 8 14 9 12 13 10 16 22 17 19
BLOCK 14 20 8 14 9 12 13 10 16 22 17 20
BLOCK 14 21 8 14 9 11 10 16 22 17 20 21
BLOCK 14 22 16 14 8 2 3 1 6 40 34 35 33 38 32 31 30 24 23 22
BLOCK 14 23 4 14 15 16 22 23
BLOCK 14 24 8 14 9 12 13 10 16 22 23 24
BLOCK 14 25 16 14 8 2 3 1 6 40 34 37 36 33 38 32 26 29 28 25
BLOCK 14 26 8 14 8 7 6 40 39 38 32 26
BLOCK 14 27 8 14 15 16 22 23 24 30 25 27
BLOCK 14 28 8 14 15 16 22 23 24 30 25 28
BLOCK 14 29 16 14 8 2 3 1 6 40 34 35 33 38 32 26 27 25 28 29
BLOCK 14 30 8 14 9 11 10 16 22 23 24 30
BLOCK 14 31 8 14 8 7 6 40 39 38 32 31
BLOCK 14 32 8 14 15 16 22 23 24 30 31 32
BLOCK 14 33 8 14 8 7 6 40 34 37 36 33
BLOCK 14 34 8 14 8 2 5 4 1 6 40 34
BLOCK 14 35 8 14 8 2 3 1 6 40 34 35
BLOCK 14 36 8 14 8 7 6 40 34 35 33 36
BLOCK 14 37 8 14 8 2 3 1 6 40 34 37
BLOCK 14 38 8 14 8 2 3 1 6 40 39 38
BLOCK 14 39 8 14 8 2 5 4 1 6 40 39
BLOCK 14 40 4 14 8 7 6 40
BLOCK 15 17 8 15 14 9 12 13 10 16 22 17
BLOCK 15 18 16 15 14 8 2 3 1 6 40 34 35 33 38 32 31 30 24 18
BLOCK 15 19 4 15 16 22 17 19
BLOCK 15 20 4 15 16 22 17 20
BLOCK 15 21 16 15 14 8 2 5 4 1 6 40 39 38 32 31 30 24 18 21
BLOCK 15 23 8 15 14 9 12 13 10 16 22 23
BLOCK 15 24 4 15 16 22 23 24
BLOCK 15 25 8 15 16 22 17 19 18 24 30 25
BLOCK 15 26 8 15 16 22 23 24 30 25 27 26
BLOCK 15 27 16 15 14 8 2 3 1 6 40 34 35 33 38 32 31 30 25 27
BLOCK 15 28 16 15 14 8 2 3 1 6 40 34 35 33 38 32 26 27 25 28
BLOCK 15 29 8 15 16 22 23 24 30 25 28 29
BLOCK 15 30 8 15 16 22 17 20 21 18 24 30
BLOCK 15 31 8 15 16 22 17 19 18 24 30 31
BLOCK 15 32 8 15 14 8 7 6 40 39 38 32
BLOCK 15 33 8 15 14 8 7 6 40 34 35 33
BLOCK 15 34 8 15 14 8 2 3 1 6 40 34
BLOCK 15 35 16 15 14 9 11 10 16 22 17 19 18 24 30 31 32 38 33 35
BLOCK 15 36 8 15 14 8 7 6 40 34 37 36
BLOCK 15 37 16 15 14 9 11 10 16 22 23 24 30 31 32 38 33 35 34 37
BLOCK 15 38 8 15 16 22 23 24 30 31 32 38
BLOCK 15 39 8 15 14 8 2 3 1 6 40 39
BLOCK 15 40 8 15 14 8 2 5 4 1 6 40
BLOCK 16 18 4 16 22 17 19 18
BLOCK 16 19 8 16 22 23 24 18 21 20 17 19
BLOCK 16 20 16 16 15 14 8 7 6 40 39 38 32 31 30 24 18 19 17 20
BLOCK 16 21 4 16 22 17 20 21
BLOCK 16 24 16 16 10 11 9 14 8 2 3 1 6 40 39 38 32 31 30 24
BLOCK 16 25 8 16 22 17 20 21 18 24 30 25
BLOCK 16 26 8 16 22 23 24 30 25 28 29 26
BLOCK 16 27 8 16 22 17 19 18 24 30 25 27
BLOCK 16 28 8 16 22 17 19 18 24 30 25 28
BLOCK 16 29 8 16 22 23 24 30 25 27 26 29
BLOCK 16 30 4 16 22 23 24 30
BLOCK 16 31 8 16 22 17 20 21 18 24 30 31
BLOCK 16 32 8 16 22 17 19 18 24 30 31 32
BLOCK 16 33 8 16 22 23 24 30 31 32 38 33
BLOCK 16 34 16 16 10 11 9 14 8 2 3 1 6 40 39 38 33 36 37 34
BLOCK 16 35 8 16 15 14 8 7 6 40 34 35
BLOCK 16 36 16 16 10 13 12 9 14 8 2 5 4 1 6 40 34 35 33 36
BLOCK 16 37 8 16 15 14 8 7 6 40 34 37
BLOCK 16 38 8 16 15 14 8 7 6 40 39 38
BLOCK 16 39 8 16 22 23 24 30 31 32 38 39
BLOCK 16 40 8 16 10 11 9 14 8 7 6 40
BLOCK 17 24 4 17 20 21 18 24
BLOCK 17 25 16 17 22 16 10 11 9 14 8 7 6 40 39 38 32 26 27 25
BLOCK 17 26 8 17 19 18 24 30 25 28 29 26
BLOCK 17 27 8 17 19 18 24 30 31 32 26 27
BLOCK 17 28 16 17 22 16 10 11 9 14 8 7 6 40 39 38 32 26 29 28
BLOCK 17 29 8 17 19 18 24 30 25 27 26 29
BLOCK 17 30 4 17 19 18 24 30
BLOCK 17 31 16 17 19 18 24 23 22 16 15 14 8 7 6 40 39 38 32 31
BLOCK 17 32 8 17 19 18 24 30 25 27 26 32
BLOCK 17 33 8 17 19 18 24 30 31 32 38 33
BLOCK 17 34 16 17 19 18 24 23 22 16 10 13 12 9 14 8 7 6 40 34
BLOCK 17 35 16 17 19 18 24 23 22 16 10 11 9 14 8 7 6 40 34 35
BLOCK 17 36 16 17 19 18 24 23 22 16 15 14 8 7 6 40 34 35 33 36
BLOCK 17 37 16 17 19 18 24 23 22 16 10 11 9 14 8 7 6 40 34 37
BLOCK 17 38 8 17 20 21 18 24 30 31 32 38
BLOCK 17 39 8 17 19 18 24 30 31 32 38 39
BLOCK 17 40 8 17 22 16 15 14 8 7 6 40
BLOCK 18 22 4 18 21 20 17 22
BLOCK 18 25 8 18 21 20 17 22 23 24 30 25
BLOCK 18 26 16 18 19 17 22 16 10 11 9 14 8 7 6 40 39 38 32 26
BLOCK 18 27 4 18 24 30 25 27
BLOCK 18 28 4 18 24 30 25 28
BLOCK 18 29 16 18 21 20 17 22 16 15 14 8 7 6 40 39 38 32 26 29
BLOCK 18 31 8 18 21 20 17 22 23 24 30 31
BLOCK 18 32 4 18 24 30 31 32
BLOCK 18 33 8 18 24 30 25 27 26 32 38 33
BLOCK 18 34 8 18 24 30 31 32 38 33 35 34
BLOCK 18 35 16 18 19 17 22 16 10 11 9 14 8 2 3 1 6 40 34 35
BLOCK 18 36 16 18 19 17 22 16 10 11 9 14 8 7 6 40 34 35 33 36
BLOCK 18 37 8 18 24 30 31 32 38 33 36 37
BLOCK 18 38 8 18 24 30 25 28 29 26 32 38
BLOCK 18 39 8 18 24 30 25 27 26 32 38 39
BLOCK 18 40 16 18 19 17 22 16 10 13 12 9 14 8 2 5 4 1 6 40
BLOCK 19 23 16 19 17 22 16 15 14 8 7 6 40 39 38 32 31 30 24 23
BLOCK 19 25 4 19 18 24 30 25
BLOCK 19 26 8 19 17 22 23 24 30 25 27 26
BLOCK 19 27 8 19 17 20 21 18 24 30 25 27
BLOCK 19 28 8 19 17 20 21 18 24 30 25 28
BLOCK 19 29 8 19 17 22 23 24 30 25 28 29
BLOCK 19 30 8 19 18 21 20 17 22 23 24 30
BLOCK 19 31 4 19 18 24 30 31
BLOCK 19 32 8 19 17 20 21 18 24 30 31 32
BLOCK 19 33 16 19 17 20 21 18 24 30 25 27 26 32 38 39 40 34 35 33
BLOCK 19 34 16 19 17 20 21 18 24 30 25 28 29 26 32 38 33 36 37 34
BLOCK 19 35 8 19 18 24 30 31 32 38 33 35
BLOCK 19 36 8 19 18 24 30 31 32 38 33 36
BLOCK 19 37 16 19 17 20 21 18 24 23 22 16 15 14 8 7 6 40 34 37
BLOCK 19 38 8 19 17 22 23 24 30 31 32 38
BLOCK 19 39 16 19 17 20 21 18 24 30 25 27 26 32 38 33 35 34 40 39
BLOCK 19 40 8 19 18 24 30 31 32 38 39 40
BLOCK 20 23 4 20 21 18 24 23
BLOCK 20 24 4 20 17 19 18 24
BLOCK 20 25 16 20 17 22 16 15 14 8 7 6 40 39 38 32 26 29 28 25
BLOCK 20 26 8 20 17 19 18 24 30 25 27 26
BLOCK 20 27 8 20 21 18 24 30 31 32 26 27
BLOCK 20 28 16 20 17 22 16 15 14 8 7 6 40 39 38 32 26 27 25 28
BLOCK 20 29 8 20 17 19 18 24 30 25 28 29
BLOCK 20 30 4 20 21 18 24 30
BLOCK 20 31 16 20 17 22 16 10 13 12 9 14 8 7 6 40 39 38 32 31
BLOCK 20 32 8 20 21 18 24 30 25 27 26 32
BLOCK 20 33 8 20 21 18 24 30 31 32 38 33
BLOCK 20 34 16 20 17 19 18 24 23 22 16 10 11 9 14 8 7 6 40 34
BLOCK 20 35 16 20 17 19 18 24 30 25 28 29 26 32 38 33 36 37 34 35
BLOCK 20 36 16 20 17 19 18 24 23 22 16 15 14 8 7 6 40 34 37 36
BLOCK 20 37 16 20 17 22 16 10 11 9 14 8 2 5 4 1 6 40 34 37
BLOCK 20 38 8 20 17 19 18 24 30 31 32 38
BLOCK 20 39 8 20 21 18 24 30 31 32 38 39
BLOCK 20 40 16 20 17 19 18 24 23 22 16 10 13 12 9 14 8 7 6 40
BLOCK 21 22 4 21 18 19 17 22
BLOCK 21 23 4 21 20 17 22 23
BLOCK 21 25 4 21 18 24 30 25
BLOCK 21 26 16 21 20 17 22 16 10 11 9 14 8 7 6 40 39 38 32 26
BLOCK 21 27 8 21 18 24 30 25 28 29 26 27
BLOCK 21 28 8 21 18 24 30 25 27 26 29 28
BLOCK 21 29 16 21 18 19 17 22 16 15 14 8 7 6 40 39 38 32 26 29
BLOCK 21 30 16 21 18 19 17 22 16 15 14 8 7 6 40 39 38 32 31 30
BLOCK 21 31 4 21 18 24 30 31
BLOCK 21 32 8 21 18 24 30 25 28 29 26 32
BLOCK 21 33 16 21 18 19 17 22 16 10 11 9 14 8 7 6 40 34 35 33
BLOCK 21 34 16 21 18 19 17 22 16 10 11 9 14 8 2 3 1 6 40 34
BLOCK 21 35 8 21 18 24 30 31 32 38 33 35
BLOCK 21 36 8 21 18 24 30 31 32 38 33 36
BLOCK 21 37 16 21 18 19 17 22 16 10 13 12 9 14 8 7 6 40 34 37
BLOCK 21 38 8 21 18 24 30 25 27 26 32 38
BLOCK 21 39 16 21 18 19 17 22 16 10 11 9 14 8 2 3 1 6 40 39
BLOCK 21 40 8 21 18 24 30 31 32 38 39 40
BLOCK 22 25 4 22 23 24 30 25
BLOCK 22 26 8 22 17 19 18 24 30 25 27 26
BLOCK 22 27 8 22 17 20 21 18 24 30 25 27
BLOCK 22 28 8 22 17 20 21 18 24 30 25 28
BLOCK 22 29 8 22 17 19 18 24 30 25 28 29
BLOCK 22 30 16 22 16 10 11 9 14 8 2 3 1 6 40 39 38 32 31 30
BLOCK 22 31 4 22 23 24 30 31
BLOCK 22 32 8 22 17 20 21 18 24 30 31 32
BLOCK 22 33 16 22 16 10 11 9 14 8 2 5 4 1 6 40 34 37 36 33
BLOCK 22 34 8 22 16 15 14 8 7 6 40 34
BLOCK 22 35 8 22 23 24 30 31 32 38 33 35
BLOCK 22 36 8 22 23 24 30 31 32 38 33 36
BLOCK 22 37 16 22 16 10 11 9 14 8 2 3 1 6 40 34 35 33 36 37
BLOCK 22 38 8 22 17 19 18 24 30 31 32 38
BLOCK 22 39 8 22 16 15 14 8 7 6 40 39
BLOCK 22 40 8 22 23 24 30 31 32 38 39 40
BLOCK 23 25 8 23 22 17 20 21 18 24 30 25
BLOCK 23 26 16 23 22 16 10 11 9 14 8 2 3 1 6 40 39 38 32 26
BLOCK 23 27 4 23 24 30 25 27
BLOCK 23 28 4 23 24 30 25 28
BLOCK 23 29 16 23 22 16 10 13 12 9 14 8 7 6 40 39 38 32 26 29
BLOCK 23 31 8 23 22 17 20 21 18 24 30 31
BLOCK 23 32 4 23 24 30 31 32
BLOCK 23 33 8 23 24 30 25 27 26 32 38 33
BLOCK 23 34 8 23 24 30 31 32 38 33 35 34
BLOCK 23 35 16 23 22 16 10 11 9 14 8 2 3 1 6 40 39 38 33 35
BLOCK 23 36 16 23 22 16 10 11 9 14 8 2 3 1 6 40 34 35 33 36
BLOCK 23 37 8 23 24 30 31 32 38 33 36 37
BLOCK 23 38 8 23 24 30 25 28 29 26 32 38
BLOCK 23 39 8 23 24 30 25 27 26 32 38 39
BLOCK 23 40 8 23 22 16 15 14 8 7 6 40
BLOCK 24 26 4 24 30 25 27 26
BLOCK 24 27 8 24 30 31 32 26 29 28 25 27
BLOCK 24 28 16 24 23 22 16 15 14 8 7 6 40 39 38 32 26 27 25 28
BLOCK 24 29 4 24 30 25 28 29
BLOCK 24 32 16 24 18 19 17 22 16 10 11 9 14 8 7 6 40 39 38 32
BLOCK 24 33 8 24 30 25 28 29 26 32 38 33
BLOCK 24 34 8 24 30 31 32 38 33 36 37 34
BLOCK 24 35 8 24 30 25 27 26 32 38 33 35
BLOCK 24 36 8 24 30 25 27 26 32 38 33 36
BLOCK 24 37 8 24 30 31 32 38 33 35 34 37
BLOCK 24 38 4 24 30 31 32 38
BLOCK 24 39 8 24 30 25 28 29 26 32 38 39
BLOCK 24 40 8 24 30 25 27 26 32 38 39 40
BLOCK 25 32 4 25 28 29 26 32
BLOCK 25 33 16 25 30 24 18 19 17 22 16 15 14 8 7 6 40 34 35 33
BLOCK 25 34 8 25 27 26 32 38 33 36 37 34
BLOCK 25 35 8 25 27 26 32 38 39 40 34 35
BLOCK 25 36 16 25 30 24 18 19 17 22 16 15 14 8 7 6 40 34 37 36
BLOCK 25 37 8 25 27 26 32 38 33 35 34 37
BLOCK 25 38 4 25 27 26 32 38
BLOCK 25 39 16 25 27 26 32 31 30 24 23 22 16 15 14 8 7 6 40 39
BLOCK 25 40 8 25 27 26 32 38 33 35 34 40
BLOCK 26 30 4 26 29 28 25 30
BLOCK 26 33 8 26 29 28 25 30 31 32 38 33
BLOCK 26 34 16 26 27 25 30 24 18 19 17 22 16 15 14 8 7 6 40 34
BLOCK 26 35 4 26 32 38 33 35
BLOCK 26 36 4 26 32 38 33 36
BLOCK 26 37 16 26 29 28 25 30 24 23 22 16 15 14 8 7 6 40 34 37
BLOCK 26 39 8 26 29 28 25 30 31 32 38 39
BLOCK 26 40 4 26 32 38 39 40
BLOCK 27 31 16 27 25 30 24 23 22 16 15 14 8 7 6 40 39 38 32 31
BLOCK 27 33 4 27 26 32 38 33
BLOCK 27 34 8 27 25 30 31 32 38 33 35 34
BLOCK 27 35 8 27 25 28 29 26 32 38 33 35
BLOCK 27 36 8 27 25 28 29 26 32 38 33 36
BLOCK 27 37 8 27 25 30 31 32 38 33 36 37
BLOCK 27 38 8 27 26 29 28 25 30 31 32 38
BLOCK 27 39 4 27 26 32 38 39
BLOCK 27 40 8 27 25 28 29 26 32 38 39 40
BLOCK 28 31 4 28 29 26 32 31
BLOCK 28 32 4 28 25 27 26 32
BLOCK 28 33 16 28 25 30 24 23 22 16 15 14 8 7 6 40 34 37 36 33
BLOCK 28 34 8 28 25 27 26 32 38 33 35 34
BLOCK 28 35 8 28 29 26 32 38 39 40 34 35
BLOCK 28 36 16 28 25 30 24 23 22 16 15 14 8 7 6 40 34 35 33 36
BLOCK 28 37 8 28 25 27 26 32 38 33 36 37
BLOCK 28 38 4 28 29 26 32 38
BLOCK 28 39 16 28 25 30 24 18 21 20 17 22 16 15 14 8 7 6 40 39
BLOCK 28 40 8 28 29 26 32 38 33 35 34 40
BLOCK 29 30 4 29 26 27 25 30
BLOCK 29 31 4 29 28 25 30 31
BLOCK 29 33 4 29 26 32 38 33
BLOCK 29 34 16 29 28 25 30 24 18 19 17 22 16 15 14 8 7 6 40 34
BLOCK 29 35 8 29 26 32 38 33 36 37 34 35
BLOCK 29 36 8 29 26 32 38 33 35 34 37 36
BLOCK 29 37 16 29 26 27 25 30 24 23 22 16 15 14 8 7 6 40 34 37
BLOCK 29 38 16 29 26 27 25 30 24 23 22 16 15 14 8 7 6 40 39 38
BLOCK 29 39 4 29 26 32 38 39
BLOCK 29 40 8 29 26 32 38 33 36 37 34 40
BLOCK 30 33 4 30 31 32 38 33
BLOCK 30 34 8 30 25 27 26 32 38 33 35 34
BLOCK 30 35 8 30 25 28 29 26 32 38 33 35
BLOCK 30 36 8 30 25 28 29 26 32 38 33 36
BLOCK 30 37 8 30 25 27 26 32 38 33 36 37
BLOCK 30 38 16 30 24 18 19 17 22 16 10 11 9 14 8 7 6 40 39 38
BLOCK 30 39 4 30 31 32 38 39
BLOCK 30 40 8 30 25 28 29 26 32 38 39 40
BLOCK 31 33 8 31 30 25 28 29 26 32 38 33
BLOCK 31 34 16 31 30 24 18 19 17 22 16 10 11 9 14 8 7 6 40 34
BLOCK 31 35 4 31 32 38 33 35
BLOCK 31 36 4 31 32 38 33 36
BLOCK 31 37 16 31 30 24 18 21 20 17 22 16 15 14 8 7 6 40 34 37
BLOCK 31 39 8 31 30 25 28 29 26 32 38 39
BLOCK 31 40 4 31 32 38 39 40
BLOCK 32 34 4 32 38 33 35 34
BLOCK 32 35 8 32 38 39 40 34 37 36 33 35
BLOCK 32 36 16 32 31 30 24 23 22 16 15 14 8 7 6 40 34 35 33 36
BLOCK 32 37 4 32 38 33 36 37
BLOCK 32 40 16 32 26 27 25 30 24 18 19 17 22 16 15 14 8 7 6 40
BLOCK 33 40 4 33 36 37 34 40
BLOCK 34 38 4 34 37 36 33 38
BLOCK 35 39 16 35 33 38 32 31 30 24 23 22 16 15 14 8 7 6 40 39
BLOCK 36 39 4 36 37 34 40 39
BLOCK 36 40 4 36 33 35 34 40
BLOCK 37 38 4 37 34 35 33 38
BLOCK 37 39 4 37 36 33 38 39
