b2_0_k7_0 b2_0_k7_0 18 24
0 1
0 2
0 5
1 4
1 8
2 3
2 15
3 4
4 16
5 6
5 11
6 7
6 13
7 8
9 10
9 11
9 14
10 13
10 17
11 12
12 13
14 15
15 16
16 17
b2_0_k7_0 b2_0_k7_0 18 24
0 1
0 2
0 5
1 4
1 8
2 3
2 16
3 4
4 15
5 6
5 13
6 7
6 11
7 8
9 10
9 11
9 14
10 13
10 17
11 12
12 13
14 15
15 16
16 17
b2_0_k7_0 b2_0_k7_0 18 24
0 1
0 2
0 5
1 4
1 8
2 3
2 14
3 4
4 15
5 6
6 7
6 11
7 8
7 13
9 10
9 11
9 14
10 13
10 17
11 12
12 13
14 15
15 16
16 17
b2_0_k7_0 b2_0_k7_0 18 24
0 1
0 2
0 5
1 4
1 8
2 3
2 15
3 4
4 14
5 6
6 7
6 13
7 8
7 11
9 10
9 11
9 14
10 13
10 17
11 12
12 13
14 15
15 16
16 17
b2_0_k7_0 b2_0_k7_0 18 24
0 1
0 2
0 5
1 4
1 8
2 3
2 16
3 4
4 17
5 6
6 7
6 11
7 8
7 13
9 10
9 11
9 14
10 13
10 17
11 12
12 13
14 15
15 16
16 17
b2_0_k7_0 b2_0_k7_0 18 24
0 1
0 2
0 5
1 4
1 8
2 3
2 17
3 4
4 16
5 6
6 7
6 13
7 8
7 11
9 10
9 11
9 14
10 13
10 17
11 12
12 13
14 15
15 16
16 17
b2_0_k7_0 b2_0_k7_0 18 24
0 1
0 2
0 5
1 4
1 8
2 3
2 15
3 4
4 16
5 6
6 7
7 8
7 11
8 13
9 10
9 11
9 14
10 13
10 17
11 12
12 13
14 15
15 16
16 17
b2_0_k7_0 b2_0_k7_0 18 24
0 1
0 2
0 5
1 4
1 8
2 3
2 16
3 4
4 15
5 6
6 7
7 8
7 13
8 11
9 10
9 11
9 14
10 13
10 17
11 12
12 13
14 15
15 16
16 17
