3 4 230031564
3 5 230031564
3 7 306774088
3 12 536870880
3 13 536870880
3 14 536870816
3 16 536870816
3 20 8388096
3 21 8388096
3 22 8388352
3 24 8388352
3 28 1073741760
3 29 1073741760
3 30 805306320
3 32 805306320
4 5 76677202
4 7 536805496
4 12 268426688
4 13 268426688
4 14 268419008
4 16 268419008
4 20 8387584
4 21 8387584
4 22 6290688
4 24 6290688
4 28 939524032
4 29 939524032
4 30 805305232
4 32 805305232
5 7 536805496
5 12 536868704
5 13 536868704
5 14 469729184
5 16 469729184
5 20 4193792
5 21 4193792
5 22 4193792
5 24 4193792
5 28 536838016
5 29 536838016
5 30 536866400
5 32 536866400
7 12 268433200
7 13 268433200
7 14 268435408
7 16 268435408
7 20 4194048
7 21 4194048
7 22 4193664
7 24 4193664
7 28 536854496
7 29 536854496
7 30 536869256
7 32 536869256
12 13 114950226
12 14 268402788
12 16 134185112
12 20 268435392
12 21 268435392
12 22 268435392
12 24 268435392
12 28 4193792
12 29 4193792
12 30 4194176
12 32 4194176
13 14 134185112
13 16 268402788
13 20 268435392
13 21 268435392
13 22 268435392
13 24 268435392
13 28 4193792
13 29 4193792
13 30 4194176
13 32 4194176
14 16 230064180
14 20 268433200
14 21 268433200
14 22 268435408
14 24 268435408
14 28 4194048
14 29 4194048
14 30 4194176
14 32 4194176
16 20 268433200
16 21 268433200
16 22 268435408
16 24 268435408
16 28 4194048
16 29 4194048
16 30 4194176
16 32 4194176
20 21 114950226
20 22 268402788
20 24 134185112
20 28 268435392
20 29 268435392
20 30 268435392
20 32 268435392
21 22 134185112
21 24 268402788
21 28 268435392
21 29 268435392
21 30 268435392
21 32 268435392
22 24 230064180
22 28 268433200
22 29 268433200
22 30 268435408
22 32 268435408
24 28 268433200
24 29 268433200
24 30 268435408
24 32 268435408
28 29 114950226
28 30 268402788
28 32 134185112
29 30 134185112
29 32 268402788
30 32 230064180
