3 4 2147352780
3 5 2147352780
3 7 4294770760
3 11 17179869088
3 12 17179869088
3 13 8589934528
3 15 8589934544
3 19 268434688
3 20 268434688
3 21 134217216
3 23 134217344
3 27 268434688
3 28 134217216
3 29 268434688
3 31 134217344
3 35 17179869088
3 36 8589934528
3 37 17179869088
3 39 8589934544
4 5 1073348690
4 7 4294901880
4 11 8589934528
4 12 8589930176
4 13 4294957952
4 15 4294962784
4 19 134217216
4 20 134217216
4 21 67107840
4 23 67108608
4 27 268434688
4 28 134217216
4 29 268434688
4 31 134217344
4 35 17179869088
4 36 8589930176
4 37 17179818784
4 39 8589933456
5 7 4294901880
5 11 17179869088
5 12 17179818784
5 13 8589930176
5 15 8589933456
5 19 268434688
5 20 268434688
5 21 134217216
5 23 134217344
5 27 134217216
5 28 67107840
5 29 134217216
5 31 67108608
5 35 8589934528
5 36 4294957952
5 37 8589930176
5 39 4294962784
7 11 8589934544
7 12 8589933456
7 13 4294962784
7 15 4294965640
7 19 134217344
7 20 134217344
7 21 67108608
7 23 67108672
7 27 134217344
7 28 67108608
7 29 134217344
7 31 67108672
7 35 8589934544
7 36 4294962784
7 37 8589933456
7 39 4294965640
11 12 2147352780
11 13 2147352780
11 15 4294770760
11 19 17179869088
11 20 17179869088
11 21 8589934528
11 23 8589934544
11 27 268434688
11 28 268434688
11 29 134217216
11 31 134217344
11 35 268434688
11 36 134217216
11 37 268434688
11 39 134217344
12 13 1073348690
12 15 4294901880
12 19 8589934528
12 20 8589930176
12 21 4294957952
12 23 4294962784
12 27 134217216
12 28 134217216
12 29 67107840
12 31 67108608
12 35 268434688
12 36 134217216
12 37 268434688
12 39 134217344
13 15 4294901880
13 19 17179869088
13 20 17179818784
13 21 8589930176
13 23 8589933456
13 27 268434688
13 28 268434688
13 29 134217216
13 31 134217344
13 35 134217216
13 36 67107840
13 37 134217216
13 39 67108608
15 19 8589934544
15 20 8589933456
15 21 4294962784
15 23 4294965640
15 27 134217344
15 28 134217344
15 29 67108608
15 31 67108672
15 35 134217344
15 36 67108608
15 37 134217344
15 39 67108672
19 20 2147352780
19 21 2147352780
19 23 4294770760
19 27 17179869088
19 28 17179869088
19 29 8589934528
19 31 8589934544
19 35 268434688
19 36 268434688
19 37 134217216
19 39 134217344
20 21 1073348690
20 23 4294901880
20 27 8589934528
20 28 8589930176
20 29 4294957952
20 31 4294962784
20 35 134217216
20 36 134217216
20 37 67107840
20 39 67108608
21 23 4294901880
21 27 17179869088
21 28 17179818784
21 29 8589930176
21 31 8589933456
21 35 268434688
21 36 268434688
21 37 134217216
21 39 134217344
23 27 8589934544
23 28 8589933456
23 29 4294962784
23 31 4294965640
23 35 134217344
23 36 134217344
23 37 67108608
23 39 67108672
27 28 2147352780
27 29 2147352780
27 31 4294770760
27 35 17179869088
27 36 17179869088
27 37 8589934528
27 39 8589934544
28 29 1073348690
28 31 4294901880
28 35 8589934528
28 36 8589930176
28 37 4294957952
28 39 4294962784
29 31 4294901880
29 35 17179869088
29 36 17179818784
29 37 8589930176
29 39 8589933456
31 35 8589934544
31 36 8589933456
31 37 4294962784
31 39 4294965640
35 36 2147352780
35 37 2147352780
35 39 4294770760
36 37 1073348690
36 39 4294901880
37 39 4294901880
