1 3
1 5
1 8
1 10
1 31
1 32
1 34
1 35
1 55
1 59
3 5
3 8
3 10
3 14
3 16
3 20
3 22
3 26
3 28
3 31
3 32
3 34
3 35
3 38
3 40
3 44
3 46
3 50
3 52
3 55
3 56
3 58
3 59
4 7
4 11
4 13
4 14
4 16
4 17
4 25
4 26
4 28
4 29
4 31
4 32
4 34
4 35
4 37
4 38
4 40
4 41
4 49
4 50
4 52
4 53
4 56
4 58
5 7
5 8
5 10
5 11
5 13
5 17
5 19
5 23
5 25
5 29
5 31
5 32
5 34
5 35
5 37
5 41
5 43
5 47
5 49
5 53
5 55
5 59
7 11
7 13
7 17
7 20
7 22
7 32
7 34
7 37
7 38
7 40
7 41
7 44
7 46
7 56
7 58
8 10
8 14
8 16
8 37
8 38
8 40
8 41
10 14
10 16
10 37
10 38
10 40
10 41
11 13
11 17
11 20
11 22
11 32
11 34
11 37
11 38
11 40
11 41
11 44
11 46
11 56
11 58
13 17
13 19
13 23
13 26
13 28
13 38
13 40
13 43
13 44
13 46
13 47
13 50
13 52
14 16
14 20
14 22
14 43
14 44
14 46
14 47
16 20
16 22
16 43
16 44
16 46
16 47
17 19
17 23
17 26
17 28
17 38
17 40
17 43
17 44
17 46
17 47
17 50
17 52
19 23
19 25
19 29
19 32
19 34
19 44
19 46
19 49
19 50
19 52
19 53
19 56
19 58
20 22
20 26
20 28
20 49
20 50
20 52
20 53
22 26
22 28
22 49
22 50
22 52
22 53
23 25
23 29
23 32
23 34
23 44
23 46
23 49
23 50
23 52
23 53
23 56
23 58
25 29
25 31
25 35
25 38
25 40
25 50
25 52
25 55
25 56
25 58
25 59
26 28
26 32
26 34
26 55
26 56
26 58
26 59
28 32
28 34
28 55
28 56
28 58
28 59
29 31
29 35
29 38
29 40
29 50
29 52
29 55
29 56
29 58
29 59
31 35
31 37
31 41
31 44
31 46
31 56
31 58
32 34
32 38
32 40
34 38
34 40
35 37
35 41
35 44
35 46
35 56
35 58
37 41
37 43
37 47
37 50
37 52
38 40
38 44
38 46
40 44
40 46
41 43
41 47
41 50
41 52
43 47
43 49
43 53
43 56
43 58
44 46
44 50
44 52
46 50
46 52
47 49
47 53
47 56
47 58
49 53
49 55
49 59
50 52
50 56
50 58
52 56
52 58
53 55
53 59
55 59
56 58
