184
b2_0_k4_0 6 4 7
2 3 4 5
0 1
0 2
0 3
1 2
1 5
3 4
4 5
b2_0_k5_0 7 5 8
2 3 4 5 6
0 1
0 2
0 3
1 2
1 6
3 4
4 5
5 6
b2_0_k5_1 7 5 8
2 3 4 5 6
0 2
0 3
0 5
1 2
1 4
1 6
3 4
5 6
b2_0_k6_0 8 6 9
2 3 4 5 6 7
0 2
0 3
0 5
1 2
1 4
1 7
3 4
5 6
6 7
b2_0_k6_1 8 6 9
2 3 4 5 6 7
0 2
0 4
0 6
1 3
1 5
1 7
2 3
4 5
6 7
b2_0_k7_0 9 7 10
2 3 4 5 6 7 8
0 1
0 2
0 5
1 4
1 8
2 3
3 4
5 6
6 7
7 8
b2_0_k7_1 9 7 10
2 3 4 5 6 7 8
0 2
0 4
0 6
1 3
1 5
1 8
2 3
4 5
6 7
7 8
b4_0_k3_0 7 3 9
4 5 6
0 2
0 3
0 4
1 2
1 5
1 6
2 5
3 4
3 6
b4_0_k4_0 8 4 10
4 5 6 7
0 2
0 3
0 4
1 3
1 5
1 6
2 5
2 7
3 4
6 7
b4_0_k5_0 9 5 11
4 5 6 7 8
0 2
0 3
0 4
1 3
1 5
1 7
2 6
2 8
3 4
5 6
7 8
b4_0_k6_0 10 6 12
4 5 6 7 8 9
0 2
0 3
0 4
1 2
1 5
1 8
2 7
3 4
3 9
5 6
6 7
8 9
b4_0_k6_1 10 6 12
4 5 6 7 8 9
0 2
0 3
0 4
1 2
1 5
1 9
2 8
3 4
3 9
5 6
6 7
7 8
b4_0_k6_2 10 6 12
4 5 6 7 8 9
0 3
0 4
0 5
1 2
1 6
1 9
2 4
2 8
3 5
3 9
6 7
7 8
b4_0_k7_0 11 7 13
4 5 6 7 8 9 10
0 2
0 3
0 4
1 2
1 5
1 6
2 5
3 4
3 10
6 7
7 8
8 9
9 10
b4_0_k7_1 11 7 13
4 5 6 7 8 9 10
0 2
0 3
0 4
1 2
1 5
1 9
2 8
3 4
3 10
5 6
6 7
7 8
9 10
b4_0_k7_2 11 7 13
4 5 6 7 8 9 10
0 2
0 3
0 4
1 2
1 5
1 10
2 9
3 4
3 10
5 6
6 7
7 8
8 9
b4_0_k7_3 11 7 13
4 5 6 7 8 9 10
0 2
0 3
0 4
1 5
1 6
1 10
2 5
2 9
3 4
3 10
6 7
7 8
8 9
b4_0_k7_4 11 7 13
4 5 6 7 8 9 10
0 2
0 3
0 4
1 7
1 8
1 10
2 7
2 9
3 6
3 10
4 5
5 6
8 9
b4_0_k7_5 11 7 13
4 5 6 7 8 9 10
0 2
0 3
0 4
1 3
1 7
1 9
2 8
2 10
3 6
4 5
5 6
7 8
9 10
b4_0_k7_6 11 7 13
4 5 6 7 8 9 10
0 2
0 3
0 4
1 3
1 8
1 9
2 8
2 10
3 7
4 5
5 6
6 7
9 10
b4_0_k7_7 11 7 13
4 5 6 7 8 9 10
0 3
0 4
0 5
1 2
1 6
1 7
2 4
2 6
3 5
3 10
7 8
8 9
9 10
b4_0_k7_8 11 7 13
4 5 6 7 8 9 10
0 3
0 4
0 5
1 2
1 6
1 10
2 4
2 9
3 5
3 10
6 7
7 8
8 9
b4_0_k7_9 11 7 13
4 5 6 7 8 9 10
0 3
0 4
0 6
1 2
1 7
1 8
2 5
2 7
3 6
3 10
4 5
8 9
9 10
b4_1_k3_0 7 3 9
4 5 6
0 1
0 2
0 4
1 2
1 5
2 6
3 4
3 5
3 6
b4_1_k4_0 8 4 10
4 5 6 7
0 1
0 2
0 4
1 2
1 5
2 6
3 4
3 5
3 7
6 7
b4_1_k5_0 9 5 11
4 5 6 7 8
0 1
0 4
0 5
1 6
1 7
2 3
2 4
2 6
3 5
3 8
7 8
b4_1_k6_0 10 6 12
4 5 6 7 8 9
0 1
0 2
0 3
1 2
1 4
2 7
3 6
3 9
4 5
5 6
7 8
8 9
b4_1_k6_1 10 6 12
4 5 6 7 8 9
0 1
0 2
0 4
1 6
1 8
2 7
2 9
3 5
3 8
3 9
4 5
6 7
b4_1_k6_2 10 6 12
4 5 6 7 8 9
0 1
0 2
0 4
1 3
1 6
2 8
2 9
3 5
3 9
4 5
6 7
7 8
b4_1_k6_3 10 6 12
4 5 6 7 8 9
0 1
0 4
0 5
1 6
1 8
2 3
2 4
2 7
3 5
3 9
6 7
8 9
b4_1_k7_0 11 7 13
4 5 6 7 8 9 10
0 1
0 2
0 4
1 2
1 5
2 6
3 4
3 5
3 10
6 7
7 8
8 9
9 10
b4_1_k7_1 11 7 13
4 5 6 7 8 9 10
0 1
0 2
0 4
1 5
1 8
2 7
2 9
3 4
3 8
3 10
5 6
6 7
9 10
b4_1_k7_2 11 7 13
4 5 6 7 8 9 10
0 1
0 2
0 4
1 5
1 9
2 8
2 10
3 4
3 9
3 10
5 6
6 7
7 8
b4_1_k7_3 11 7 13
4 5 6 7 8 9 10
0 1
0 2
0 4
1 7
1 9
2 8
2 10
3 6
3 9
3 10
4 5
5 6
7 8
b4_1_k7_4 11 7 13
4 5 6 7 8 9 10
0 1
0 2
0 4
1 3
1 7
2 9
2 10
3 6
3 10
4 5
5 6
7 8
8 9
b4_1_k7_5 11 7 13
4 5 6 7 8 9 10
0 1
0 4
0 5
1 7
1 9
2 4
2 8
2 10
3 6
3 9
3 10
5 6
7 8
b4_1_k7_6 11 7 13
4 5 6 7 8 9 10
0 1
0 4
0 5
1 7
1 10
2 3
2 4
2 9
3 6
3 10
5 6
7 8
8 9
b6_0_k5_0 11 5 14
6 7 8 9 10
0 4
0 5
0 6
1 3
1 4
1 7
2 3
2 8
2 9
3 8
4 10
5 6
5 7
9 10
b6_0_k5_1 11 5 14
6 7 8 9 10
0 4
0 5
0 6
1 4
1 7
1 8
2 3
2 9
2 10
3 7
3 9
4 10
5 6
5 8
b6_0_k5_2 11 5 14
6 7 8 9 10
0 4
0 5
0 6
1 4
1 7
1 8
2 3
2 4
2 10
3 7
3 10
5 6
5 9
8 9
b6_0_k6_0 12 6 15
6 7 8 9 10 11
0 4
0 5
0 6
1 3
1 4
1 7
2 8
2 9
2 11
3 8
3 10
4 11
5 6
5 7
9 10
b6_0_k6_1 12 6 15
6 7 8 9 10 11
0 4
0 5
0 6
1 3
1 4
1 7
2 4
2 8
2 10
3 9
3 11
5 6
5 7
8 9
10 11
b6_0_k6_2 12 6 15
6 7 8 9 10 11
0 4
0 5
0 6
1 3
1 4
1 7
2 3
2 9
2 10
3 9
4 11
5 6
5 8
7 8
10 11
b6_0_k6_3 12 6 15
6 7 8 9 10 11
0 4
0 5
0 6
1 3
1 4
1 7
2 4
2 9
2 10
3 9
3 11
5 6
5 8
7 8
10 11
b6_0_k6_4 12 6 15
6 7 8 9 10 11
0 4
0 5
0 6
1 3
1 5
1 7
2 3
2 4
2 8
3 11
4 7
5 6
8 9
9 10
10 11
b6_0_k6_5 12 6 15
6 7 8 9 10 11
0 4
0 5
0 6
1 3
1 5
1 7
2 3
2 4
2 9
3 11
4 8
5 6
7 8
9 10
10 11
b6_0_k6_6 12 6 15
6 7 8 9 10 11
0 4
0 5
0 6
1 4
1 7
1 8
2 4
2 9
2 10
3 7
3 9
3 11
5 6
5 8
10 11
b6_0_k6_7 12 6 15
6 7 8 9 10 11
0 4
0 5
0 6
1 4
1 7
1 8
2 3
2 10
2 11
3 7
3 10
4 11
5 6
5 9
8 9
b6_0_k6_8 12 6 15
6 7 8 9 10 11
0 4
0 5
0 6
1 4
1 7
1 9
2 3
2 4
2 11
3 8
3 11
5 6
5 10
7 8
9 10
b6_0_k6_9 12 6 15
6 7 8 9 10 11
0 4
0 6
0 7
1 4
1 5
1 9
2 3
2 10
2 11
3 9
3 10
4 11
5 6
5 8
7 8
b6_0_k6_10 12 6 15
6 7 8 9 10 11
0 5
0 6
0 7
1 4
1 8
1 9
2 3
2 10
2 11
3 8
3 10
4 6
4 11
5 7
5 9
b6_0_k7_0 13 7 16
6 7 8 9 10 11 12
0 4
0 5
0 6
1 3
1 4
1 7
2 3
2 8
2 11
3 10
4 12
5 6
5 7
8 9
9 10
11 12
b6_0_k7_1 13 7 16
6 7 8 9 10 11 12
0 4
0 5
0 6
1 3
1 4
1 7
2 8
2 10
2 12
3 9
3 11
4 12
5 6
5 7
8 9
10 11
b6_0_k7_2 13 7 16
6 7 8 9 10 11 12
0 4
0 5
0 6
1 3
1 4
1 7
2 4
2 8
2 10
3 9
3 12
5 6
5 7
8 9
10 11
11 12
b6_0_k7_3 13 7 16
6 7 8 9 10 11 12
0 4
0 5
0 6
1 3
1 4
1 7
2 9
2 10
2 12
3 9
3 11
4 12
5 6
5 8
7 8
10 11
b6_0_k7_4 13 7 16
6 7 8 9 10 11 12
0 4
0 5
0 6
1 3
1 4
1 7
2 4
2 9
2 10
3 9
3 12
5 6
5 8
7 8
10 11
11 12
b6_0_k7_5 13 7 16
6 7 8 9 10 11 12
0 4
0 5
0 6
1 3
1 4
1 7
2 4
2 9
2 11
3 10
3 12
5 6
5 8
7 8
9 10
11 12
b6_0_k7_6 13 7 16
6 7 8 9 10 11 12
0 4
0 5
0 6
1 3
1 5
1 7
2 3
2 8
2 9
3 8
4 7
4 12
5 6
9 10
10 11
11 12
b6_0_k7_7 13 7 16
6 7 8 9 10 11 12
0 4
0 5
0 6
1 3
1 5
1 7
2 3
2 4
2 8
3 12
4 7
5 6
8 9
9 10
10 11
11 12
b6_0_k7_8 13 7 16
6 7 8 9 10 11 12
0 4
0 5
0 6
1 3
1 7
1 8
2 4
2 9
2 11
3 10
3 12
4 7
5 6
5 8
9 10
11 12
b6_0_k7_9 13 7 16
6 7 8 9 10 11 12
0 4
0 5
0 6
1 3
1 5
1 7
2 3
2 9
2 10
3 9
4 8
4 12
5 6
7 8
10 11
11 12
b6_0_k7_10 13 7 16
6 7 8 9 10 11 12
0 4
0 5
0 6
1 3
1 5
1 7
2 3
2 4
2 9
3 12
4 8
5 6
7 8
9 10
10 11
11 12
b6_0_k7_11 13 7 16
6 7 8 9 10 11 12
0 4
0 5
0 6
1 4
1 7
1 8
2 3
2 9
2 12
3 7
3 11
4 12
5 6
5 8
9 10
10 11
b6_0_k7_12 13 7 16
6 7 8 9 10 11 12
0 4
0 5
0 6
1 4
1 7
1 8
2 4
2 9
2 11
3 7
3 10
3 12
5 6
5 8
9 10
11 12
b6_0_k7_13 13 7 16
6 7 8 9 10 11 12
0 4
0 5
0 6
1 4
1 7
1 8
2 4
2 10
2 11
3 7
3 10
3 12
5 6
5 9
8 9
11 12
b6_0_k7_14 13 7 16
6 7 8 9 10 11 12
0 4
0 5
0 6
1 5
1 7
1 8
2 3
2 9
2 10
3 7
3 9
4 8
4 12
5 6
10 11
11 12
b6_0_k7_15 13 7 16
6 7 8 9 10 11 12
0 4
0 5
0 6
1 5
1 7
1 8
2 3
2 10
2 11
3 7
3 10
4 9
4 12
5 6
8 9
11 12
b6_0_k7_16 13 7 16
6 7 8 9 10 11 12
0 4
0 5
0 6
1 4
1 7
1 9
2 3
2 4
2 10
3 8
3 12
5 6
5 9
7 8
10 11
11 12
b6_0_k7_17 13 7 16
6 7 8 9 10 11 12
0 4
0 5
0 6
1 5
1 7
1 9
2 3
2 10
2 11
3 8
3 10
4 9
4 12
5 6
7 8
11 12
b6_0_k7_18 13 7 16
6 7 8 9 10 11 12
0 4
0 6
0 7
1 3
1 4
1 5
2 9
2 10
2 12
3 9
3 11
4 12
5 6
5 8
7 8
10 11
b6_0_k7_19 13 7 16
6 7 8 9 10 11 12
0 4
0 6
0 7
1 3
1 4
1 5
2 4
2 9
2 11
3 10
3 12
5 6
5 8
7 8
9 10
11 12
b6_0_k7_20 13 7 16
6 7 8 9 10 11 12
0 4
0 6
0 7
1 4
1 9
1 10
2 3
2 11
2 12
3 9
3 11
4 12
5 6
5 8
5 10
7 8
b6_0_k7_21 13 7 16
6 7 8 9 10 11 12
0 4
0 6
0 7
1 4
1 5
1 10
2 3
2 11
2 12
3 10
3 11
4 12
5 6
5 9
7 8
8 9
b6_0_k7_22 13 7 16
6 7 8 9 10 11 12
0 4
0 6
0 8
1 4
1 5
1 10
2 3
2 11
2 12
3 10
3 11
4 12
5 7
5 9
6 7
8 9
b6_1_k6_0 12 6 15
6 7 8 9 10 11
0 4
0 5
0 6
1 3
1 4
1 7
2 3
2 8
2 9
3 8
4 7
5 6
5 11
9 10
10 11
b6_1_k6_1 12 6 15
6 7 8 9 10 11
0 4
0 5
0 6
1 4
1 7
1 8
2 3
2 9
2 10
3 7
3 9
4 8
5 6
5 11
10 11
b6_1_k6_2 12 6 15
6 7 8 9 10 11
0 5
0 6
0 7
1 4
1 8
1 9
2 3
2 10
2 11
3 8
3 10
4 6
4 9
5 7
5 11
b6_1_k7_0 13 7 16
6 7 8 9 10 11 12
0 4
0 5
0 6
1 3
1 4
1 7
2 3
2 8
2 9
3 8
4 7
5 6
5 12
9 10
10 11
11 12
b6_1_k7_1 13 7 16
6 7 8 9 10 11 12
0 4
0 5
0 6
1 3
1 4
1 7
2 8
2 9
2 11
3 8
3 10
4 7
5 6
5 12
9 10
11 12
b6_1_k7_2 13 7 16
6 7 8 9 10 11 12
0 4
0 5
0 6
1 3
1 4
1 7
2 8
2 10
2 12
3 9
3 11
4 7
5 6
5 12
8 9
10 11
b6_1_k7_3 13 7 16
6 7 8 9 10 11 12
0 4
0 5
0 6
1 3
1 4
1 7
2 3
2 5
2 10
3 12
4 9
5 6
7 8
8 9
10 11
11 12
b6_1_k7_4 13 7 16
6 7 8 9 10 11 12
0 4
0 5
0 6
1 3
1 7
1 8
2 3
2 10
2 11
3 10
4 7
4 9
5 6
5 12
8 9
11 12
b6_1_k7_5 13 7 16
6 7 8 9 10 11 12
0 4
0 5
0 6
1 3
1 7
1 9
2 3
2 11
2 12
3 11
4 8
4 10
5 6
5 12
7 8
9 10
b6_1_k7_6 13 7 16
6 7 8 9 10 11 12
0 4
0 5
0 6
1 4
1 7
1 8
2 3
2 9
2 10
3 7
3 9
4 8
5 6
5 12
10 11
11 12
b6_1_k7_7 13 7 16
6 7 8 9 10 11 12
0 4
0 5
0 6
1 4
1 7
1 8
2 9
2 10
2 12
3 7
3 9
3 11
4 8
5 6
5 12
10 11
b6_1_k7_8 13 7 16
6 7 8 9 10 11 12
0 4
0 5
0 6
1 7
1 8
1 9
2 3
2 11
2 12
3 7
3 11
4 8
4 10
5 6
5 12
9 10
b6_1_k7_9 13 7 16
6 7 8 9 10 11 12
0 4
0 5
0 6
1 4
1 7
1 9
2 3
2 10
2 11
3 8
3 10
4 9
5 6
5 12
7 8
11 12
b6_1_k7_10 13 7 16
6 7 8 9 10 11 12
0 5
0 6
0 7
1 4
1 8
1 9
2 3
2 10
2 11
3 8
3 10
4 6
4 9
5 7
5 12
11 12
b6_2_k5_0 11 5 14
6 7 8 9 10
0 4
0 5
0 6
1 2
1 3
1 5
2 7
2 9
3 8
3 10
4 9
4 10
5 6
7 8
b6_2_k5_1 11 5 14
6 7 8 9 10
0 4
0 5
0 6
1 2
1 3
1 5
2 4
2 7
3 9
3 10
4 10
5 6
7 8
8 9
b6_2_k5_2 11 5 14
6 7 8 9 10
0 4
0 5
0 6
1 2
1 3
1 5
2 3
2 9
3 10
4 9
4 10
5 8
6 7
7 8
b6_2_k6_0 12 6 15
6 7 8 9 10 11
0 4
0 5
0 6
1 2
1 3
1 7
2 3
2 10
3 11
4 10
4 11
5 6
5 9
7 8
8 9
b6_2_k6_1 12 6 15
6 7 8 9 10 11
0 4
0 5
0 6
1 2
1 5
1 7
2 8
2 11
3 4
3 7
3 10
4 11
5 6
8 9
9 10
b6_2_k6_2 12 6 15
6 7 8 9 10 11
0 4
0 5
0 6
1 2
1 7
1 8
2 4
2 9
3 7
3 9
3 10
4 11
5 6
5 8
10 11
b6_2_k6_3 12 6 15
6 7 8 9 10 11
0 4
0 5
0 6
1 2
1 7
1 9
2 4
2 10
3 8
3 10
3 11
4 11
5 6
5 9
7 8
b6_2_k6_4 12 6 15
6 7 8 9 10 11
0 4
0 5
0 6
1 7
1 8
1 9
2 3
2 4
2 7
3 4
3 8
5 6
5 11
9 10
10 11
b6_2_k6_5 12 6 15
6 7 8 9 10 11
0 4
0 5
0 6
1 2
1 5
1 9
2 10
2 11
3 4
3 9
3 10
4 11
5 8
6 7
7 8
b6_2_k6_6 12 6 15
6 7 8 9 10 11
0 4
0 5
0 6
1 2
1 3
1 5
2 3
2 10
3 11
4 10
4 11
5 9
6 7
7 8
8 9
b6_2_k6_7 12 6 15
6 7 8 9 10 11
0 5
0 6
0 7
1 2
1 3
1 8
2 3
2 10
3 11
4 6
4 10
4 11
5 7
5 9
8 9
b6_2_k6_8 12 6 15
6 7 8 9 10 11
0 5
0 6
0 7
1 8
1 9
1 10
2 3
2 4
2 8
3 4
3 9
4 6
5 7
5 11
10 11
b6_2_k7_0 13 7 16
6 7 8 9 10 11 12
0 4
0 5
0 6
1 2
1 3
1 5
2 3
2 4
3 7
4 12
5 6
7 8
8 9
9 10
10 11
11 12
b6_2_k7_1 13 7 16
6 7 8 9 10 11 12
0 4
0 5
0 6
1 2
1 3
1 5
2 7
2 11
3 10
3 12
4 11
4 12
5 6
7 8
8 9
9 10
b6_2_k7_2 13 7 16
6 7 8 9 10 11 12
0 4
0 5
0 6
1 2
1 3
1 7
2 3
2 10
3 11
4 10
4 12
5 6
5 9
7 8
8 9
11 12
b6_2_k7_3 13 7 16
6 7 8 9 10 11 12
0 4
0 5
0 6
1 2
1 3
1 7
2 3
2 4
3 11
4 12
5 6
5 10
7 8
8 9
9 10
11 12
b6_2_k7_4 13 7 16
6 7 8 9 10 11 12
0 4
0 5
0 6
1 2
1 3
1 7
2 3
2 11
3 12
4 11
4 12
5 6
5 10
7 8
8 9
9 10
b6_2_k7_5 13 7 16
6 7 8 9 10 11 12
0 4
0 5
0 6
1 2
1 7
1 8
2 4
2 9
3 7
3 10
3 11
4 12
5 6
5 8
9 10
11 12
b6_2_k7_6 13 7 16
6 7 8 9 10 11 12
0 4
0 5
0 6
1 2
1 7
1 8
2 11
2 12
3 4
3 7
3 11
4 12
5 6
5 10
8 9
9 10
b6_2_k7_7 13 7 16
6 7 8 9 10 11 12
0 4
0 5
0 6
1 2
1 5
1 7
2 3
2 9
3 8
3 10
4 9
4 12
5 6
7 8
10 11
11 12
b6_2_k7_8 13 7 16
6 7 8 9 10 11 12
0 4
0 5
0 6
1 2
1 5
1 7
2 4
2 9
3 8
3 9
3 10
4 12
5 6
7 8
10 11
11 12
b6_2_k7_9 13 7 16
6 7 8 9 10 11 12
0 4
0 5
0 6
1 2
1 5
1 7
2 9
2 10
3 8
3 9
3 11
4 10
4 12
5 6
7 8
11 12
b6_2_k7_10 13 7 16
6 7 8 9 10 11 12
0 4
0 5
0 6
1 2
1 7
1 9
2 3
2 4
3 8
3 10
4 12
5 6
5 9
7 8
10 11
11 12
b6_2_k7_11 13 7 16
6 7 8 9 10 11 12
0 4
0 5
0 6
1 2
1 7
1 9
2 4
2 10
3 8
3 11
3 12
4 12
5 6
5 9
7 8
10 11
b6_2_k7_12 13 7 16
6 7 8 9 10 11 12
0 4
0 5
0 6
1 2
1 7
1 9
2 3
2 4
3 4
3 8
5 6
5 12
7 8
9 10
10 11
11 12
b6_2_k7_13 13 7 16
6 7 8 9 10 11 12
0 4
0 5
0 6
1 2
1 5
1 7
2 3
2 4
3 9
3 10
4 12
5 6
7 8
8 9
10 11
11 12
b6_2_k7_14 13 7 16
6 7 8 9 10 11 12
0 4
0 5
0 6
1 2
1 7
1 10
2 3
2 4
3 9
3 11
4 12
5 6
5 10
7 8
8 9
11 12
b6_2_k7_15 13 7 16
6 7 8 9 10 11 12
0 4
0 5
0 6
1 7
1 8
1 9
2 3
2 4
2 7
3 4
3 8
5 6
5 12
9 10
10 11
11 12
b6_2_k7_16 13 7 16
6 7 8 9 10 11 12
0 4
0 5
0 6
1 7
1 8
1 10
2 3
2 4
2 7
3 4
3 9
5 6
5 12
8 9
10 11
11 12
b6_2_k7_17 13 7 16
6 7 8 9 10 11 12
0 4
0 5
0 6
1 2
1 3
1 5
2 9
2 11
3 10
3 12
4 11
4 12
5 8
6 7
7 8
9 10
b6_2_k7_18 13 7 16
6 7 8 9 10 11 12
0 4
0 5
0 6
1 2
1 3
1 9
2 3
2 4
3 10
4 12
5 8
5 9
6 7
7 8
10 11
11 12
b6_2_k7_19 13 7 16
6 7 8 9 10 11 12
0 4
0 5
0 6
1 2
1 3
1 9
2 4
2 10
3 11
3 12
4 12
5 8
5 9
6 7
7 8
10 11
b6_2_k7_20 13 7 16
6 7 8 9 10 11 12
0 4
0 5
0 6
1 2
1 5
1 9
2 10
2 11
3 4
3 9
3 10
4 12
5 8
6 7
7 8
11 12
b6_2_k7_21 13 7 16
6 7 8 9 10 11 12
0 4
0 5
0 6
1 2
1 9
1 10
2 4
2 11
3 4
3 9
3 12
5 8
5 10
6 7
7 8
11 12
b6_2_k7_22 13 7 16
6 7 8 9 10 11 12
0 4
0 5
0 6
1 2
1 9
1 12
2 3
2 4
3 4
3 11
5 8
5 12
6 7
7 8
9 10
10 11
b6_2_k7_23 13 7 16
6 7 8 9 10 11 12
0 4
0 5
0 6
1 2
1 5
1 10
2 11
2 12
3 4
3 10
3 11
4 12
5 9
6 7
7 8
8 9
b6_2_k7_24 13 7 16
6 7 8 9 10 11 12
0 4
0 5
0 6
1 2
1 3
1 5
2 3
2 11
3 12
4 11
4 12
5 10
6 7
7 8
8 9
9 10
b6_2_k7_25 13 7 16
6 7 8 9 10 11 12
0 4
0 6
0 7
1 2
1 3
1 9
2 3
2 11
3 12
4 11
4 12
5 6
5 8
5 10
7 8
9 10
b6_2_k7_26 13 7 16
6 7 8 9 10 11 12
0 4
0 6
0 7
1 2
1 5
1 9
2 4
2 10
3 9
3 10
3 11
4 12
5 6
5 8
7 8
11 12
b6_2_k7_27 13 7 16
6 7 8 9 10 11 12
0 4
0 6
0 7
1 9
1 10
1 11
2 3
2 4
2 9
3 4
3 10
5 6
5 8
5 12
7 8
11 12
b6_2_k7_28 13 7 16
6 7 8 9 10 11 12
0 4
0 6
0 8
1 2
1 3
1 10
2 3
2 11
3 12
4 11
4 12
5 7
5 9
5 10
6 7
8 9
b6_2_k7_29 13 7 16
6 7 8 9 10 11 12
0 4
0 6
0 8
1 2
1 5
1 10
2 4
2 11
3 10
3 11
3 12
4 12
5 7
5 9
6 7
8 9
b6_2_k7_30 13 7 16
6 7 8 9 10 11 12
0 4
0 6
0 8
1 10
1 11
1 12
2 3
2 4
2 10
3 4
3 11
5 7
5 9
5 12
6 7
8 9
b6_2_k7_31 13 7 16
6 7 8 9 10 11 12
0 5
0 6
0 7
1 2
1 3
1 8
2 3
2 10
3 11
4 6
4 10
4 12
5 7
5 9
8 9
11 12
b6_2_k7_32 13 7 16
6 7 8 9 10 11 12
0 5
0 6
0 7
1 2
1 3
1 8
2 3
2 4
3 11
4 6
4 12
5 7
5 10
8 9
9 10
11 12
b6_2_k7_33 13 7 16
6 7 8 9 10 11 12
0 5
0 6
0 7
1 2
1 3
1 8
2 3
2 11
3 12
4 6
4 11
4 12
5 7
5 10
8 9
9 10
b6_2_k7_34 13 7 16
6 7 8 9 10 11 12
0 5
0 6
0 7
1 2
1 8
1 9
2 11
2 12
3 4
3 8
3 11
4 6
4 12
5 7
5 10
9 10
b6_2_k7_35 13 7 16
6 7 8 9 10 11 12
0 5
0 6
0 7
1 2
1 8
1 10
2 3
2 4
3 4
3 9
4 6
5 7
5 12
8 9
10 11
11 12
b6_2_k7_36 13 7 16
6 7 8 9 10 11 12
0 5
0 6
0 7
1 8
1 9
1 10
2 3
2 4
2 8
3 4
3 9
4 6
5 7
5 12
10 11
11 12
b6_2_k7_37 13 7 16
6 7 8 9 10 11 12
0 5
0 6
0 7
1 8
1 9
1 11
2 3
2 4
2 8
3 4
3 10
4 6
5 7
5 12
9 10
11 12
b6_2_k7_38 13 7 16
6 7 8 9 10 11 12
0 6
0 7
0 8
1 2
1 3
1 10
2 3
2 11
3 12
4 6
4 11
4 12
5 7
5 9
5 10
8 9
b6_2_k7_39 13 7 16
6 7 8 9 10 11 12
0 5
0 6
0 8
1 2
1 3
1 9
2 3
2 4
3 11
4 7
4 12
5 8
5 10
6 7
9 10
11 12
b6_2_k7_40 13 7 16
6 7 8 9 10 11 12
0 5
0 6
0 8
1 2
1 3
1 9
2 3
2 11
3 12
4 7
4 11
4 12
5 8
5 10
6 7
9 10
b6_3_k6_0 12 6 15
6 7 8 9 10 11
0 3
0 4
0 5
1 3
1 6
1 7
2 4
2 9
2 10
3 9
4 6
5 8
5 11
7 8
10 11
b6_3_k6_1 12 6 15
6 7 8 9 10 11
0 3
0 4
0 6
1 3
1 5
1 7
2 5
2 9
2 11
3 10
4 8
4 11
5 6
7 8
9 10
b6_3_k6_2 12 6 15
6 7 8 9 10 11
0 3
0 6
0 7
1 4
1 8
1 9
2 5
2 10
2 11
3 8
3 10
4 6
4 11
5 7
5 9
b6_3_k7_0 13 7 16
6 7 8 9 10 11 12
0 3
0 4
0 5
1 3
1 6
1 7
2 4
2 8
2 10
3 9
4 6
5 7
5 12
8 9
10 11
11 12
b6_3_k7_1 13 7 16
6 7 8 9 10 11 12
0 3
0 4
0 5
1 3
1 6
1 7
2 9
2 10
2 11
3 9
4 6
4 10
5 8
5 12
7 8
11 12
b6_4_k4_0 10 4 13
6 7 8 9
0 3
0 4
0 5
1 2
1 4
1 6
2 5
2 8
3 4
3 9
5 7
6 7
8 9
b6_4_k6_0 12 6 15
6 7 8 9 10 11
0 3
0 4
0 5
1 2
1 4
1 6
2 3
2 7
3 9
4 11
5 6
5 8
7 8
9 10
10 11
b6_4_k6_1 12 6 15
6 7 8 9 10 11
0 3
0 4
0 5
1 2
1 4
1 6
2 3
2 8
3 10
4 11
5 7
5 9
6 7
8 9
10 11
b6_4_k6_2 12 6 15
6 7 8 9 10 11
0 3
0 4
0 5
1 2
1 5
1 6
2 7
2 8
3 4
3 7
4 6
5 11
8 9
9 10
10 11
b6_4_k6_3 12 6 15
6 7 8 9 10 11
0 3
0 4
0 5
1 2
1 5
1 6
2 5
2 7
3 4
3 11
4 6
7 8
8 9
9 10
10 11
b6_4_k6_4 12 6 15
6 7 8 9 10 11
0 3
0 4
0 5
1 2
1 5
1 6
2 5
2 8
3 9
3 10
4 7
4 11
6 7
8 9
10 11
b6_4_k6_5 12 6 15
6 7 8 9 10 11
0 3
0 4
0 5
1 4
1 6
1 8
2 3
2 7
2 10
3 4
5 9
5 11
6 7
8 9
10 11
b6_4_k6_6 12 6 15
6 7 8 9 10 11
0 3
0 4
0 6
1 2
1 4
1 7
2 5
2 9
3 9
3 10
4 11
5 6
5 8
7 8
10 11
b6_4_k6_7 12 6 15
6 7 8 9 10 11
0 3
0 5
0 6
1 2
1 4
1 7
2 3
2 8
3 9
4 6
4 11
5 7
5 8
9 10
10 11
b6_4_k6_8 12 6 15
6 7 8 9 10 11
0 3
0 5
0 6
1 2
1 4
1 7
2 3
2 9
3 10
4 6
4 11
5 8
5 9
7 8
10 11
b6_4_k6_9 12 6 15
6 7 8 9 10 11
0 3
0 5
0 6
1 4
1 7
1 8
2 3
2 7
2 9
3 11
4 6
4 11
5 8
5 10
9 10
b6_4_k7_0 13 7 16
6 7 8 9 10 11 12
0 3
0 4
0 5
1 2
1 4
1 6
2 7
2 8
3 7
3 9
4 12
5 6
5 8
9 10
10 11
11 12
b6_4_k7_1 13 7 16
6 7 8 9 10 11 12
0 3
0 4
0 5
1 2
1 4
1 6
2 7
2 12
3 4
3 11
5 6
5 12
7 8
8 9
9 10
10 11
b6_4_k7_2 13 7 16
6 7 8 9 10 11 12
0 3
0 4
0 5
1 2
1 4
1 6
2 3
2 8
3 10
4 12
5 7
5 9
6 7
8 9
10 11
11 12
b6_4_k7_3 13 7 16
6 7 8 9 10 11 12
0 3
0 4
0 5
1 2
1 4
1 6
2 5
2 8
3 9
3 10
4 12
5 7
6 7
8 9
10 11
11 12
b6_4_k7_4 13 7 16
6 7 8 9 10 11 12
0 3
0 4
0 5
1 2
1 4
1 6
2 5
2 8
3 4
3 12
5 7
6 7
8 9
9 10
10 11
11 12
b6_4_k7_5 13 7 16
6 7 8 9 10 11 12
0 3
0 4
0 5
1 2
1 4
1 6
2 9
2 10
3 9
3 11
4 12
5 8
5 10
6 7
7 8
11 12
b6_4_k7_6 13 7 16
6 7 8 9 10 11 12
0 3
0 4
0 5
1 2
1 4
1 6
2 11
2 12
3 4
3 11
5 10
5 12
6 7
7 8
8 9
9 10
b6_4_k7_7 13 7 16
6 7 8 9 10 11 12
0 3
0 4
0 5
1 2
1 4
1 6
2 5
2 12
3 4
3 12
5 11
6 7
7 8
8 9
9 10
10 11
b6_4_k7_8 13 7 16
6 7 8 9 10 11 12
0 3
0 4
0 5
1 2
1 5
1 6
2 5
2 7
3 4
3 12
4 6
7 8
8 9
9 10
10 11
11 12
b6_4_k7_9 13 7 16
6 7 8 9 10 11 12
0 3
0 4
0 5
1 2
1 6
1 7
2 8
2 9
3 8
3 10
4 6
4 12
5 7
5 9
10 11
11 12
b6_4_k7_10 13 7 16
6 7 8 9 10 11 12
0 3
0 4
0 5
1 2
1 5
1 6
2 5
2 8
3 9
3 10
4 7
4 12
6 7
8 9
10 11
11 12
b6_4_k7_11 13 7 16
6 7 8 9 10 11 12
0 3
0 4
0 5
1 4
1 6
1 7
2 5
2 6
2 9
3 9
3 10
4 12
5 8
7 8
10 11
11 12
b6_4_k7_12 13 7 16
6 7 8 9 10 11 12
0 3
0 4
0 5
1 5
1 6
1 7
2 6
2 8
2 11
3 4
3 10
4 7
5 12
8 9
9 10
11 12
b6_4_k7_13 13 7 16
6 7 8 9 10 11 12
0 3
0 4
0 5
1 6
1 7
1 8
2 5
2 6
2 9
3 10
3 11
4 7
4 12
5 8
9 10
11 12
b6_4_k7_14 13 7 16
6 7 8 9 10 11 12
0 3
0 4
0 5
1 6
1 9
1 10
2 5
2 8
2 11
3 4
3 12
4 9
5 10
6 7
7 8
11 12
b6_4_k7_15 13 7 16
6 7 8 9 10 11 12
0 3
0 4
0 6
1 2
1 4
1 7
2 9
2 10
3 9
3 11
4 12
5 6
5 8
5 10
7 8
11 12
b6_4_k7_16 13 7 16
6 7 8 9 10 11 12
0 3
0 4
0 6
1 5
1 7
1 8
2 7
2 9
2 12
3 4
3 11
4 8
5 6
5 12
9 10
10 11
b6_4_k7_17 13 7 16
6 7 8 9 10 11 12
0 3
0 5
0 6
1 2
1 4
1 7
2 3
2 9
3 10
4 6
4 12
5 8
5 9
7 8
10 11
11 12
b6_4_k7_18 13 7 16
6 7 8 9 10 11 12
0 3
0 5
0 6
1 2
1 7
1 8
2 3
2 9
3 11
4 6
4 7
4 12
5 8
5 10
9 10
11 12
b6_4_k7_19 13 7 16
6 7 8 9 10 11 12
0 3
0 5
0 6
1 5
1 7
1 8
2 3
2 7
2 10
3 11
4 6
4 9
4 12
5 10
8 9
11 12
cycle3 3 3 3
0 1 2
0 1
0 2
1 2
cycle5 5 5 5
0 1 2 3 4
0 1
0 4
1 2
2 3
3 4
cycle6 6 6 6
0 1 2 3 4 5
0 1
0 5
1 2
2 3
3 4
4 5
cycle7 7 7 7
0 1 2 3 4 5 6
0 1
0 6
1 2
2 3
3 4
4 5
5 6
super6_0 18 6 24
3 7 8 12 14 17
0 1
0 2
0 5
1 4
1 8
2 3
2 15
3 4
4 16
5 6
5 11
6 7
6 13
7 8
9 10
9 11
9 14
10 13
10 17
11 12
12 13
14 15
15 16
16 17
T1 1 3 0
0 0 0
T15 15 3 21
0 1 8
0 2
0 9
1 3
1 6
2 3
2 4
3 4
4 7
5 6
5 7
5 12
6 7
8 10
8 13
9 10
9 11
10 11
11 14
12 13
12 14
13 14
