1 15 256
2 15 257
3 15 258
4 15 259
5 15 260
6 15 261
7 15 262
8 15 263
9 15 264
10 15 265
11 15 266
12 15 267
13 15 268
14 15 269
15 15 270
16 15 421
17 15 422
18 15 423
19 15 424
20 15 425
21 15 426
22 15 427
23 15 428
24 15 429
25 15 430
26 15 431
27 15 432
28 15 433
29 15 434
30 15 435
31 15 1726
32 15 1727
33 15 1728
34 15 1729
35 15 1730
36 15 1731
37 15 1732
38 15 1733
39 15 1734
40 15 1735
41 15 1736
42 15 1737
43 15 1738
44 15 1739
45 15 1740
46 15 61
47 15 62
48 15 63
49 15 64
50 15 65
51 15 66
52 15 67
53 15 68
54 15 69
55 15 70
56 15 71
57 15 72
58 15 73
59 15 74
60 15 75
61 15 1426
62 15 1427
63 15 1428
64 15 1429
65 15 1430
66 15 1431
67 15 1432
68 15 1433
69 15 1434
70 15 1435
71 15 1436
72 15 1437
73 15 1438
74 15 1439
75 15 1440
76 15 61
77 15 62
78 15 63
79 15 64
80 15 65
81 15 66
82 15 67
83 15 68
84 15 69
85 15 70
86 15 71
87 15 72
88 15 73
89 15 74
90 15 75
91 7 76
92 7 77
93 7 78
94 7 79
95 7 80
96 7 81
97 7 82
98 7 83
99 7 84
100 7 85
101 7 86
102 7 87
103 7 88
104 7 89
105 7 90
106 15 301
107 15 302
108 15 303
109 15 304
110 15 305
111 15 306
112 15 307
113 15 308
114 15 309
115 15 310
116 15 311
117 15 312
118 15 313
119 15 314
120 15 315
121 15 109
122 15 110
123 15 111
124 15 112
125 15 113
126 15 114
127 15 115
128 15 116
129 15 117
130 15 118
131 15 119
132 15 120
133 15 106
134 15 107
135 15 108
136 15 125
137 15 126
138 15 127
139 15 128
140 15 129
141 15 130
142 15 131
143 15 132
144 15 133
145 15 134
146 15 135
147 15 121
148 15 122
149 15 123
150 15 124
151 15 166
152 15 167
153 15 168
154 15 169
155 15 170
156 15 171
157 15 172
158 15 173
159 15 174
160 15 175
161 15 176
162 15 177
163 15 178
164 15 179
165 15 180
166 7 183
167 7 184
168 7 185
169 7 186
170 7 187
171 7 188
172 7 189
173 7 190
174 7 191
175 7 192
176 7 193
177 7 194
178 7 195
179 7 181
180 7 182
181 15 179
182 15 180
183 15 166
184 15 167
185 15 168
186 15 169
187 15 170
188 15 171
189 15 172
190 15 173
191 15 174
192 15 175
193 15 176
194 15 177
195 15 178
196 15 369
197 15 370
198 15 371
199 15 372
200 15 373
201 15 374
202 15 375
203 15 361
204 15 362
205 15 363
206 15 364
207 15 365
208 15 366
209 15 367
210 15 368
211 15 226
212 15 227
213 15 228
214 15 229
215 15 230
216 15 231
217 15 232
218 15 233
219 15 234
220 15 235
221 15 236
222 15 237
223 15 238
224 15 239
225 15 240
226 15 211
227 15 212
228 15 213
229 15 214
230 15 215
231 15 216
232 15 217
233 15 218
234 15 219
235 15 220
236 15 221
237 15 222
238 15 223
239 15 224
240 15 225
241 15 226
242 15 227
243 15 228
244 15 229
245 15 230
246 15 231
247 15 232
248 15 233
249 15 234
250 15 235
251 15 236
252 15 237
253 15 238
254 15 239
255 15 240
256 15 241
257 15 242
258 15 243
259 15 244
260 15 245
261 15 246
262 15 247
263 15 248
264 15 249
265 15 250
266 15 251
267 15 252
268 15 253
269 15 254
270 15 255
271 15 286
272 15 287
273 15 288
274 15 289
275 15 290
276 15 291
277 15 292
278 15 293
279 15 294
280 15 295
281 15 296
282 15 297
283 15 298
284 15 299
285 15 300
286 15 691
287 15 692
288 15 693
289 15 694
290 15 695
291 15 696
292 15 697
293 15 698
294 15 699
295 15 700
296 15 701
297 15 702
298 15 703
299 15 704
300 15 705
301 15 106
302 15 107
303 15 108
304 15 109
305 15 110
306 15 111
307 15 112
308 15 113
309 15 114
310 15 115
311 15 116
312 15 117
313 15 118
314 15 119
315 15 120
316 15 1335
317 15 1321
318 15 1322
319 15 1323
320 15 1324
321 15 1325
322 15 1326
323 15 1327
324 15 1328
325 15 1329
326 15 1330
327 15 1331
328 15 1332
329 15 1333
330 15 1334
331 7 1696
332 7 1697
333 7 1698
334 7 1699
335 7 1700
336 7 1701
337 7 1702
338 7 1703
339 7 1704
340 7 1705
341 7 1706
342 7 1707
343 7 1708
344 7 1709
345 7 1710
346 7 374
347 7 375
348 7 361
349 7 362
350 7 363
351 7 364
352 7 365
353 7 366
354 7 367
355 7 368
356 7 369
357 7 370
358 7 371
359 7 372
360 7 373
361 7 203
362 7 204
363 7 205
364 7 206
365 7 207
366 7 208
367 7 209
368 7 210
369 7 196
370 7 197
371 7 198
372 7 199
373 7 200
374 7 201
375 7 202
376 15 571
377 15 572
378 15 573
379 15 574
380 15 575
381 15 576
382 15 577
383 15 578
384 15 579
385 15 580
386 15 581
387 15 582
388 15 583
389 15 584
390 15 585
391 15 406
392 15 407
393 15 408
394 15 409
395 15 410
396 15 411
397 15 412
398 15 413
399 15 414
400 15 415
401 15 416
402 15 417
403 15 418
404 15 419
405 15 420
406 15 421
407 15 422
408 15 423
409 15 424
410 15 425
411 15 426
412 15 427
413 15 428
414 15 429
415 15 430
416 15 431
417 15 432
418 15 433
419 15 434
420 15 435
421 15 406
422 15 407
423 15 408
424 15 409
425 15 410
426 15 411
427 15 412
428 15 413
429 15 414
430 15 415
431 15 416
432 15 417
433 15 418
434 15 419
435 15 420
436 15 751
437 15 752
438 15 753
439 15 754
440 15 755
441 15 756
442 15 757
443 15 758
444 15 759
445 15 760
446 15 761
447 15 762
448 15 763
449 15 764
450 15 765
451 15 1306
452 15 1307
453 15 1308
454 15 1309
455 15 1310
456 15 1311
457 15 1312
458 15 1313
459 15 1314
460 15 1315
461 15 1316
462 15 1317
463 15 1318
464 15 1319
465 15 1320
466 15 631
467 15 632
468 15 633
469 15 634
470 15 635
471 15 636
472 15 637
473 15 638
474 15 639
475 15 640
476 15 641
477 15 642
478 15 643
479 15 644
480 15 645
481 15 500
482 15 501
483 15 502
484 15 503
485 15 504
486 15 505
487 15 506
488 15 507
489 15 508
490 15 509
491 15 510
492 15 496
493 15 497
494 15 498
495 15 499
496 7 1535
497 7 1536
498 7 1537
499 7 1538
500 7 1539
501 7 1540
502 7 1541
503 7 1542
504 7 1543
505 7 1544
506 7 1545
507 7 1531
508 7 1532
509 7 1533
510 7 1534
511 15 1396
512 15 1397
513 15 1398
514 15 1399
515 15 1400
516 15 1401
517 15 1402
518 15 1403
519 15 1404
520 15 1405
521 15 1406
522 15 1407
523 15 1408
524 15 1409
525 15 1410
526 15 271
527 15 272
528 15 273
529 15 274
530 15 275
531 15 276
532 15 277
533 15 278
534 15 279
535 15 280
536 15 281
537 15 282
538 15 283
539 15 284
540 15 285
541 15 796
542 15 797
543 15 798
544 15 799
545 15 800
546 15 801
547 15 802
548 15 803
549 15 804
550 15 805
551 15 806
552 15 807
553 15 808
554 15 809
555 15 810
556 15 582
557 15 583
558 15 584
559 15 585
560 15 571
561 15 572
562 15 573
563 15 574
564 15 575
565 15 576
566 15 577
567 15 578
568 15 579
569 15 580
570 15 581
571 15 376
572 15 377
573 15 378
574 15 379
575 15 380
576 15 381
577 15 382
578 15 383
579 15 384
580 15 385
581 15 386
582 15 387
583 15 388
584 15 389
585 15 390
586 15 577
587 15 578
588 15 579
589 15 580
590 15 581
591 15 582
592 15 583
593 15 584
594 15 585
595 15 571
596 15 572
597 15 573
598 15 574
599 15 575
600 15 576
601 15 588
602 15 589
603 15 590
604 15 591
605 15 592
606 15 593
607 15 594
608 15 595
609 15 596
610 15 597
611 15 598
612 15 599
613 15 600
614 15 586
615 15 587
616 15 640
617 15 641
618 15 642
619 15 643
620 15 644
621 15 645
622 15 631
623 15 632
624 15 633
625 15 634
626 15 635
627 15 636
628 15 637
629 15 638
630 15 639
631 15 659
632 15 660
633 15 646
634 15 647
635 15 648
636 15 649
637 15 650
638 15 651
639 15 652
640 15 653
641 15 654
642 15 655
643 15 656
644 15 657
645 15 658
646 15 633
647 15 634
648 15 635
649 15 636
650 15 637
651 15 638
652 15 639
653 15 640
654 15 641
655 15 642
656 15 643
657 15 644
658 15 645
659 15 631
660 15 632
661 15 649
662 15 650
663 15 651
664 15 652
665 15 653
666 15 654
667 15 655
668 15 656
669 15 657
670 15 658
671 15 659
672 15 660
673 15 646
674 15 647
675 15 648
676 15 672
677 15 673
678 15 674
679 15 675
680 15 661
681 15 662
682 15 663
683 15 664
684 15 665
685 15 666
686 15 667
687 15 668
688 15 669
689 15 670
690 15 671
691 15 706
692 15 707
693 15 708
694 15 709
695 15 710
696 15 711
697 15 712
698 15 713
699 15 714
700 15 715
701 15 716
702 15 717
703 15 718
704 15 719
705 15 720
706 15 691
707 15 692
708 15 693
709 15 694
710 15 695
711 15 696
712 15 697
713 15 698
714 15 699
715 15 700
716 15 701
717 15 702
718 15 703
719 15 704
720 15 705
721 15 1578
722 15 1579
723 15 1580
724 15 1581
725 15 1582
726 15 1583
727 15 1584
728 15 1585
729 15 1586
730 15 1587
731 15 1588
732 15 1589
733 15 1590
734 15 1576
735 15 1577
736 15 901
737 15 902
738 15 903
739 15 904
740 15 905
741 15 906
742 15 907
743 15 908
744 15 909
745 15 910
746 15 911
747 15 912
748 15 913
749 15 914
750 15 915
751 15 766
752 15 767
753 15 768
754 15 769
755 15 770
756 15 771
757 15 772
758 15 773
759 15 774
760 15 775
761 15 776
762 15 777
763 15 778
764 15 779
765 15 780
766 15 781
767 15 782
768 15 783
769 15 784
770 15 785
771 15 786
772 15 787
773 15 788
774 15 789
775 15 790
776 15 791
777 15 792
778 15 793
779 15 794
780 15 795
781 7 766
782 7 767
783 7 768
784 7 769
785 7 770
786 7 771
787 7 772
788 7 773
789 7 774
790 7 775
791 7 776
792 7 777
793 7 778
794 7 779
795 7 780
796 15 783
797 15 784
798 15 785
799 15 786
800 15 787
801 15 788
802 15 789
803 15 790
804 15 791
805 15 792
806 15 793
807 15 794
808 15 795
809 15 781
810 15 782
811 15 827
812 15 828
813 15 829
814 15 830
815 15 831
816 15 832
817 15 833
818 15 834
819 15 835
820 15 836
821 15 837
822 15 838
823 15 839
824 15 840
825 15 826
826 15 1234
827 15 1235
828 15 1236
829 15 1237
830 15 1238
831 15 1239
832 15 1240
833 15 1241
834 15 1242
835 15 1243
836 15 1244
837 15 1245
838 15 1231
839 15 1232
840 15 1233
841 15 646
842 15 647
843 15 648
844 15 649
845 15 650
846 15 651
847 15 652
848 15 653
849 15 654
850 15 655
851 15 656
852 15 657
853 15 658
854 15 659
855 15 660
856 15 841
857 15 842
858 15 843
859 15 844
860 15 845
861 15 846
862 15 847
863 15 848
864 15 849
865 15 850
866 15 851
867 15 852
868 15 853
869 15 854
870 15 855
871 15 346
872 15 347
873 15 348
874 15 349
875 15 350
876 15 351
877 15 352
878 15 353
879 15 354
880 15 355
881 15 356
882 15 357
883 15 358
884 15 359
885 15 360
886 15 911
887 15 912
888 15 913
889 15 914
890 15 915
891 15 901
892 15 902
893 15 903
894 15 904
895 15 905
896 15 906
897 15 907
898 15 908
899 15 909
900 15 910
901 15 891
902 15 892
903 15 893
904 15 894
905 15 895
906 15 896
907 15 897
908 15 898
909 15 899
910 15 900
911 15 886
912 15 887
913 15 888
914 15 889
915 15 890
916 15 915
917 15 901
918 15 902
919 15 903
920 15 904
921 15 905
922 15 906
923 15 907
924 15 908
925 15 909
926 15 910
927 15 911
928 15 912
929 15 913
930 15 914
931 15 925
932 15 926
933 15 927
934 15 928
935 15 929
936 15 930
937 15 916
938 15 917
939 15 918
940 15 919
941 15 920
942 15 921
943 15 922
944 15 923
945 15 924
946 15 1741
947 15 1742
948 15 1743
949 15 1744
950 15 1745
951 15 1746
952 15 1747
953 15 1748
954 15 1749
955 15 1750
956 15 1751
957 15 1752
958 15 1753
959 15 1754
960 15 1755
961 15 566
962 15 567
963 15 568
964 15 569
965 15 570
966 15 556
967 15 557
968 15 558
969 15 559
970 15 560
971 15 561
972 15 562
973 15 563
974 15 564
975 15 565
976 15 991
977 15 992
978 15 993
979 15 994
980 15 995
981 15 996
982 15 997
983 15 998
984 15 999
985 15 1000
986 15 1001
987 15 1002
988 15 1003
989 15 1004
990 15 1005
991 15 1846
992 15 1847
993 15 1848
994 15 1849
995 15 1850
996 15 1851
997 15 1852
998 15 1853
999 15 1854
1000 15 1855
1001 15 1856
1002 15 1857
1003 15 1858
1004 15 1859
1005 15 1860
1006 15 991
1007 15 992
1008 15 993
1009 15 994
1010 15 995
1011 15 996
1012 15 997
1013 15 998
1014 15 999
1015 15 1000
1016 15 1001
1017 15 1002
1018 15 1003
1019 15 1004
1020 15 1005
1021 15 715
1022 15 716
1023 15 717
1024 15 718
1025 15 719
1026 15 720
1027 15 706
1028 15 707
1029 15 708
1030 15 709
1031 15 710
1032 15 711
1033 15 712
1034 15 713
1035 15 714
1036 15 1021
1037 15 1022
1038 15 1023
1039 15 1024
1040 15 1025
1041 15 1026
1042 15 1027
1043 15 1028
1044 15 1029
1045 15 1030
1046 15 1031
1047 15 1032
1048 15 1033
1049 15 1034
1050 15 1035
1051 15 1036
1052 15 1037
1053 15 1038
1054 15 1039
1055 15 1040
1056 15 1041
1057 15 1042
1058 15 1043
1059 15 1044
1060 15 1045
1061 15 1046
1062 15 1047
1063 15 1048
1064 15 1049
1065 15 1050
1066 15 811
1067 15 812
1068 15 813
1069 15 814
1070 15 815
1071 15 816
1072 15 817
1073 15 818
1074 15 819
1075 15 820
1076 15 821
1077 15 822
1078 15 823
1079 15 824
1080 15 825
1081 15 1109
1082 15 1110
1083 15 1096
1084 15 1097
1085 15 1098
1086 15 1099
1087 15 1100
1088 15 1101
1089 15 1102
1090 15 1103
1091 15 1104
1092 15 1105
1093 15 1106
1094 15 1107
1095 15 1108
1096 15 1083
1097 15 1084
1098 15 1085
1099 15 1086
1100 15 1087
1101 15 1088
1102 15 1089
1103 15 1090
1104 15 1091
1105 15 1092
1106 15 1093
1107 15 1094
1108 15 1095
1109 15 1081
1110 15 1082
1111 15 916
1112 15 917
1113 15 918
1114 15 919
1115 15 920
1116 15 921
1117 15 922
1118 15 923
1119 15 924
1120 15 925
1121 15 926
1122 15 927
1123 15 928
1124 15 929
1125 15 930
1126 15 241
1127 15 242
1128 15 243
1129 15 244
1130 15 245
1131 15 246
1132 15 247
1133 15 248
1134 15 249
1135 15 250
1136 15 251
1137 15 252
1138 15 253
1139 15 254
1140 15 255
1141 15 616
1142 15 617
1143 15 618
1144 15 619
1145 15 620
1146 15 621
1147 15 622
1148 15 623
1149 15 624
1150 15 625
1151 15 626
1152 15 627
1153 15 628
1154 15 629
1155 15 630
1156 15 1141
1157 15 1142
1158 15 1143
1159 15 1144
1160 15 1145
1161 15 1146
1162 15 1147
1163 15 1148
1164 15 1149
1165 15 1150
1166 15 1151
1167 15 1152
1168 15 1153
1169 15 1154
1170 15 1155
1171 15 1186
1172 15 1187
1173 15 1188
1174 15 1189
1175 15 1190
1176 15 1191
1177 15 1192
1178 15 1193
1179 15 1194
1180 15 1195
1181 15 1196
1182 15 1197
1183 15 1198
1184 15 1199
1185 15 1200
1186 15 1171
1187 15 1172
1188 15 1173
1189 15 1174
1190 15 1175
1191 15 1176
1192 15 1177
1193 15 1178
1194 15 1179
1195 15 1180
1196 15 1181
1197 15 1182
1198 15 1183
1199 15 1184
1200 15 1185
1201 15 1216
1202 15 1217
1203 15 1218
1204 15 1219
1205 15 1220
1206 15 1221
1207 15 1222
1208 15 1223
1209 15 1224
1210 15 1225
1211 15 1226
1212 15 1227
1213 15 1228
1214 15 1229
1215 15 1230
1216 15 121
1217 15 122
1218 15 123
1219 15 124
1220 15 125
1221 15 126
1222 15 127
1223 15 128
1224 15 129
1225 15 130
1226 15 131
1227 15 132
1228 15 133
1229 15 134
1230 15 135
1231 15 1247
1232 15 1248
1233 15 1249
1234 15 1250
1235 15 1251
1236 15 1252
1237 15 1253
1238 15 1254
1239 15 1255
1240 15 1256
1241 15 1257
1242 15 1258
1243 15 1259
1244 15 1260
1245 15 1246
1246 15 1245
1247 15 1231
1248 15 1232
1249 15 1233
1250 15 1234
1251 15 1235
1252 15 1236
1253 15 1237
1254 15 1238
1255 15 1239
1256 15 1240
1257 15 1241
1258 15 1242
1259 15 1243
1260 15 1244
1261 15 1246
1262 15 1247
1263 15 1248
1264 15 1249
1265 15 1250
1266 15 1251
1267 15 1252
1268 15 1253
1269 15 1254
1270 15 1255
1271 15 1256
1272 15 1257
1273 15 1258
1274 15 1259
1275 15 1260
1276 15 1261
1277 15 1262
1278 15 1263
1279 15 1264
1280 15 1265
1281 15 1266
1282 15 1267
1283 15 1268
1284 15 1269
1285 15 1270
1286 15 1271
1287 15 1272
1288 15 1273
1289 15 1274
1290 15 1275
1291 15 977
1292 15 978
1293 15 979
1294 15 980
1295 15 981
1296 15 982
1297 15 983
1298 15 984
1299 15 985
1300 15 986
1301 15 987
1302 15 988
1303 15 989
1304 15 990
1305 15 976
1306 15 451
1307 15 452
1308 15 453
1309 15 454
1310 15 455
1311 15 456
1312 15 457
1313 15 458
1314 15 459
1315 15 460
1316 15 461
1317 15 462
1318 15 463
1319 15 464
1320 15 465
1321 15 1306
1322 15 1307
1323 15 1308
1324 15 1309
1325 15 1310
1326 15 1311
1327 15 1312
1328 15 1313
1329 15 1314
1330 15 1315
1331 15 1316
1332 15 1317
1333 15 1318
1334 15 1319
1335 15 1320
1336 15 1351
1337 15 1352
1338 15 1353
1339 15 1354
1340 15 1355
1341 15 1356
1342 15 1357
1343 15 1358
1344 15 1359
1345 15 1360
1346 15 1361
1347 15 1362
1348 15 1363
1349 15 1364
1350 15 1365
1351 15 1336
1352 15 1337
1353 15 1338
1354 15 1339
1355 15 1340
1356 15 1341
1357 15 1342
1358 15 1343
1359 15 1344
1360 15 1345
1361 15 1346
1362 15 1347
1363 15 1348
1364 15 1349
1365 15 1350
1366 7 1384
1367 7 1385
1368 7 1386
1369 7 1387
1370 7 1388
1371 7 1389
1372 7 1390
1373 7 1391
1374 7 1392
1375 7 1393
1376 7 1394
1377 7 1395
1378 7 1381
1379 7 1382
1380 7 1383
1381 15 1404
1382 15 1405
1383 15 1406
1384 15 1407
1385 15 1408
1386 15 1409
1387 15 1410
1388 15 1396
1389 15 1397
1390 15 1398
1391 15 1399
1392 15 1400
1393 15 1401
1394 15 1402
1395 15 1403
1396 15 1388
1397 15 1389
1398 15 1390
1399 15 1391
1400 15 1392
1401 15 1393
1402 15 1394
1403 15 1395
1404 15 1381
1405 15 1382
1406 15 1383
1407 15 1384
1408 15 1385
1409 15 1386
1410 15 1387
1411 15 1403
1412 15 1404
1413 15 1405
1414 15 1406
1415 15 1407
1416 15 1408
1417 15 1409
1418 15 1410
1419 15 1396
1420 15 1397
1421 15 1398
1422 15 1399
1423 15 1400
1424 15 1401
1425 15 1402
1426 7 1411
1427 7 1412
1428 7 1413
1429 7 1414
1430 7 1415
1431 7 1416
1432 7 1417
1433 7 1418
1434 7 1419
1435 7 1420
1436 7 1421
1437 7 1422
1438 7 1423
1439 7 1424
1440 7 1425
1441 7 1464
1442 7 1465
1443 7 1466
1444 7 1467
1445 7 1468
1446 7 1469
1447 7 1470
1448 7 1456
1449 7 1457
1450 7 1458
1451 7 1459
1452 7 1460
1453 7 1461
1454 7 1462
1455 7 1463
1456 15 1484
1457 15 1485
1458 15 1471
1459 15 1472
1460 15 1473
1461 15 1474
1462 15 1475
1463 15 1476
1464 15 1477
1465 15 1478
1466 15 1479
1467 15 1480
1468 15 1481
1469 15 1482
1470 15 1483
1471 15 1486
1472 15 1487
1473 15 1488
1474 15 1489
1475 15 1490
1476 15 1491
1477 15 1492
1478 15 1493
1479 15 1494
1480 15 1495
1481 15 1496
1482 15 1497
1483 15 1498
1484 15 1499
1485 15 1500
1486 15 1471
1487 15 1472
1488 15 1473
1489 15 1474
1490 15 1475
1491 15 1476
1492 15 1477
1493 15 1478
1494 15 1479
1495 15 1480
1496 15 1481
1497 15 1482
1498 15 1483
1499 15 1484
1500 15 1485
1501 15 1486
1502 15 1487
1503 15 1488
1504 15 1489
1505 15 1490
1506 15 1491
1507 15 1492
1508 15 1493
1509 15 1494
1510 15 1495
1511 15 1496
1512 15 1497
1513 15 1498
1514 15 1499
1515 15 1500
1516 15 1544
1517 15 1545
1518 15 1531
1519 15 1532
1520 15 1533
1521 15 1534
1522 15 1535
1523 15 1536
1524 15 1537
1525 15 1538
1526 15 1539
1527 15 1540
1528 15 1541
1529 15 1542
1530 15 1543
1531 7 1518
1532 7 1519
1533 7 1520
1534 7 1521
1535 7 1522
1536 7 1523
1537 7 1524
1538 7 1525
1539 7 1526
1540 7 1527
1541 7 1528
1542 7 1529
1543 7 1530
1544 7 1516
1545 7 1517
1546 15 1531
1547 15 1532
1548 15 1533
1549 15 1534
1550 15 1535
1551 15 1536
1552 15 1537
1553 15 1538
1554 15 1539
1555 15 1540
1556 15 1541
1557 15 1542
1558 15 1543
1559 15 1544
1560 15 1545
1561 15 1580
1562 15 1581
1563 15 1582
1564 15 1583
1565 15 1584
1566 15 1585
1567 15 1586
1568 15 1587
1569 15 1588
1570 15 1589
1571 15 1590
1572 15 1576
1573 15 1577
1574 15 1578
1575 15 1579
1576 7 1591
1577 7 1592
1578 7 1593
1579 7 1594
1580 7 1595
1581 7 1596
1582 7 1597
1583 7 1598
1584 7 1599
1585 7 1600
1586 7 1601
1587 7 1602
1588 7 1603
1589 7 1604
1590 7 1605
1591 15 1576
1592 15 1577
1593 15 1578
1594 15 1579
1595 15 1580
1596 15 1581
1597 15 1582
1598 15 1583
1599 15 1584
1600 15 1585
1601 15 1586
1602 15 1587
1603 15 1588
1604 15 1589
1605 15 1590
1606 15 1621
1607 15 1622
1608 15 1623
1609 15 1624
1610 15 1625
1611 15 1626
1612 15 1627
1613 15 1628
1614 15 1629
1615 15 1630
1616 15 1631
1617 15 1632
1618 15 1633
1619 15 1634
1620 15 1635
1621 7 1606
1622 7 1607
1623 7 1608
1624 7 1609
1625 7 1610
1626 7 1611
1627 7 1612
1628 7 1613
1629 7 1614
1630 7 1615
1631 7 1616
1632 7 1617
1633 7 1618
1634 7 1619
1635 7 1620
1636 15 151
1637 15 152
1638 15 153
1639 15 154
1640 15 155
1641 15 156
1642 15 157
1643 15 158
1644 15 159
1645 15 160
1646 15 161
1647 15 162
1648 15 163
1649 15 164
1650 15 165
1651 15 1666
1652 15 1667
1653 15 1668
1654 15 1669
1655 15 1670
1656 15 1671
1657 15 1672
1658 15 1673
1659 15 1674
1660 15 1675
1661 15 1676
1662 15 1677
1663 15 1678
1664 15 1679
1665 15 1680
1666 15 795
1667 15 781
1668 15 782
1669 15 783
1670 15 784
1671 15 785
1672 15 786
1673 15 787
1674 15 788
1675 15 789
1676 15 790
1677 15 791
1678 15 792
1679 15 793
1680 15 794
1681 15 1696
1682 15 1697
1683 15 1698
1684 15 1699
1685 15 1700
1686 15 1701
1687 15 1702
1688 15 1703
1689 15 1704
1690 15 1705
1691 15 1706
1692 15 1707
1693 15 1708
1694 15 1709
1695 15 1710
1696 15 1681
1697 15 1682
1698 15 1683
1699 15 1684
1700 15 1685
1701 15 1686
1702 15 1687
1703 15 1688
1704 15 1689
1705 15 1690
1706 15 1691
1707 15 1692
1708 15 1693
1709 15 1694
1710 15 1695
1711 15 1546
1712 15 1547
1713 15 1548
1714 15 1549
1715 15 1550
1716 15 1551
1717 15 1552
1718 15 1553
1719 15 1554
1720 15 1555
1721 15 1556
1722 15 1557
1723 15 1558
1724 15 1559
1725 15 1560
1726 15 1711
1727 15 1712
1728 15 1713
1729 15 1714
1730 15 1715
1731 15 1716
1732 15 1717
1733 15 1718
1734 15 1719
1735 15 1720
1736 15 1721
1737 15 1722
1738 15 1723
1739 15 1724
1740 15 1725
1741 15 1726
1742 15 1727
1743 15 1728
1744 15 1729
1745 15 1730
1746 15 1731
1747 15 1732
1748 15 1733
1749 15 1734
1750 15 1735
1751 15 1736
1752 15 1737
1753 15 1738
1754 15 1739
1755 15 1740
1756 15 1771
1757 15 1772
1758 15 1773
1759 15 1774
1760 15 1775
1761 15 1776
1762 15 1777
1763 15 1778
1764 15 1779
1765 15 1780
1766 15 1781
1767 15 1782
1768 15 1783
1769 15 1784
1770 15 1785
1771 15 1798
1772 15 1799
1773 15 1800
1774 15 1786
1775 15 1787
1776 15 1788
1777 15 1789
1778 15 1790
1779 15 1791
1780 15 1792
1781 15 1793
1782 15 1794
1783 15 1795
1784 15 1796
1785 15 1797
1786 15 1774
1787 15 1775
1788 15 1776
1789 15 1777
1790 15 1778
1791 15 1779
1792 15 1780
1793 15 1781
1794 15 1782
1795 15 1783
1796 15 1784
1797 15 1785
1798 15 1771
1799 15 1772
1800 15 1773
1801 15 1825
1802 15 1826
1803 15 1827
1804 15 1828
1805 15 1829
1806 15 1830
1807 15 1816
1808 15 1817
1809 15 1818
1810 15 1819
1811 15 1820
1812 15 1821
1813 15 1822
1814 15 1823
1815 15 1824
1816 7 1831
1817 7 1832
1818 7 1833
1819 7 1834
1820 7 1835
1821 7 1836
1822 7 1837
1823 7 1838
1824 7 1839
1825 7 1840
1826 7 1841
1827 7 1842
1828 7 1843
1829 7 1844
1830 7 1845
1831 15 1846
1832 15 1847
1833 15 1848
1834 15 1849
1835 15 1850
1836 15 1851
1837 15 1852
1838 15 1853
1839 15 1854
1840 15 1855
1841 15 1856
1842 15 1857
1843 15 1858
1844 15 1859
1845 15 1860
1846 7 991
1847 7 992
1848 7 993
1849 7 994
1850 7 995
1851 7 996
1852 7 997
1853 7 998
1854 7 999
1855 7 1000
1856 7 1001
1857 7 1002
1858 7 1003
1859 7 1004
1860 7 1005
1861 15 856
1862 15 857
1863 15 858
1864 15 859
1865 15 860
1866 15 861
1867 15 862
1868 15 863
1869 15 864
1870 15 865
1871 15 866
1872 15 867
1873 15 868
1874 15 869
1875 15 870
1876 15 1621
1877 15 1622
1878 15 1623
1879 15 1624
1880 15 1625
1881 15 1626
1882 15 1627
1883 15 1628
1884 15 1629
1885 15 1630
1886 15 1631
1887 15 1632
1888 15 1633
1889 15 1634
1890 15 1635
