64 1008
1 0 1
1 1 1
1 18 -1
1 19 1
1 34 -1
1 54 -1
1 49 -1
1 55 1
1 5 -1
1 7 1
1 26 -1
1 39 -1
1 30 -1
1 31 1
1 41 1
1 42 1
1 14 -1
1 58 -1
1 47 -1
1 59 1
1 9 -1
1 11 1
1 45 -1
1 60 -1
1 4 -1
1 36 -1
1 16 -1
1 37 1
1 22 -1
1 23 1
1 52 -1
1 61 1
1 8 -1
1 12 -1
1 15 -1
1 17 1
1 24 -1
1 56 -1
1 43 -1
1 57 1
1 40 -1
1 44 -1
1 51 -1
1 53 1
1 2 -1
1 3 1
1 32 -1
1 46 1
1 6 -1
1 13 1
1 20 -1
1 21 1
1 38 -1
1 48 -1
1 10 -1
1 50 1
1 25 -1
1 27 1
1 33 -1
1 35 1
1 28 1
1 29 1
1 62 -1
1 63 1
2 7 -1 5 -1
2 8 1 12 -1
2 61 -1 52 -1
2 62 1 63 1
2 46 -1 32 -1
2 47 1 59 1
2 48 1 38 -1
2 49 1 55 1
2 35 -1 33 -1
2 36 1 4 -1
2 41 -1 42 1
2 43 1 57 1
2 19 -1 18 -1
2 20 1 21 1
2 44 1 40 -1
2 45 1 60 -1
2 0 -1 1 1
2 2 1 3 1
2 9 1 11 1
2 10 1 50 1
2 23 -1 22 -1
2 24 1 56 -1
2 25 1 27 1
2 26 1 39 -1
2 13 -1 6 -1
2 14 1 58 -1
2 53 -1 51 -1
2 54 1 34 -1
2 15 1 17 1
2 16 1 37 1
2 28 -1 29 1
2 30 1 31 1
2 0 1 2 1
2 1 1 63 -1
2 18 -1 17 -1
2 19 1 20 1
2 34 -1 33 1
2 54 -1 53 -1
2 49 -1 48 1
2 55 1 56 1
2 5 -1 6 1
2 7 1 8 1
2 26 -1 25 1
2 39 -1 40 1
2 30 -1 28 -1
2 31 1 32 1
2 41 1 43 1
2 42 1 50 -1
2 14 -1 13 -1
2 58 -1 57 -1
2 47 -1 46 -1
2 59 1 27 -1
2 9 -1 10 1
2 11 1 12 1
2 45 -1 44 1
2 60 -1 29 -1
2 4 -1 3 -1
2 36 -1 35 -1
2 16 -1 15 1
2 37 1 38 1
2 22 -1 21 -1
2 23 1 24 1
2 52 -1 51 1
2 61 1 62 1
4 0 1 2 1 3 1 4 1
2 0 1 9 1
4 1 1 63 -1 62 -1 61 -1
2 1 1 58 1
4 18 -1 17 -1 15 -1 16 1
2 18 -1 59 -1
4 19 1 20 1 21 1 22 1
2 19 1 45 1
2 34 -1 11 -1
4 34 -1 33 1 35 1 36 1
2 54 -1 14 1
4 54 -1 53 -1 51 -1 52 1
2 49 -1 47 1
4 49 -1 48 1 38 -1 37 -1
4 55 1 56 1 24 -1 23 -1
2 55 1 60 1
2 5 -1 4 1
4 5 -1 6 1 13 1 14 1
2 7 1 61 -1
4 7 1 8 1 12 -1 11 -1
2 26 -1 23 -1
4 26 -1 25 1 27 1 59 -1
2 39 -1 37 -1
4 39 -1 40 1 44 -1 45 1
2 30 -1 16 1
4 30 -1 28 -1 29 1 60 1
2 31 1 22 1
4 31 1 32 1 46 1 47 1
2 41 1 36 1
4 41 1 43 1 57 1 58 1
4 42 1 50 -1 10 -1 9 1
2 42 1 52 1
4 0 1 2 1 3 1 5 1
4 0 1 2 1 32 -1 31 -1
2 0 1 26 1
4 0 1 10 1 50 1 42 -1
4 1 1 63 -1 28 1 30 1
4 1 1 63 -1 62 -1 7 -1
4 1 1 57 -1 43 -1 41 -1
2 1 1 39 1
4 18 -1 17 -1 8 -1 7 -1
4 18 -1 17 -1 15 -1 30 1
4 18 -1 27 -1 25 -1 26 1
2 18 -1 42 -1
4 19 1 20 1 6 -1 5 1
4 19 1 20 1 21 1 31 -1
2 19 1 41 -1
4 19 1 44 1 40 -1 39 1
4 34 -1 12 1 8 -1 7 -1
2 34 -1 31 -1
4 34 -1 33 1 25 -1 26 1
4 34 -1 33 1 35 1 41 -1
4 54 -1 13 -1 6 -1 5 1
2 54 -1 30 1
4 54 -1 53 -1 40 -1 39 1
4 54 -1 53 -1 51 -1 42 -1
2 49 -1 7 -1
4 49 -1 46 -1 32 -1 31 -1
4 49 -1 48 1 38 -1 39 1
4 49 -1 48 1 50 1 42 -1
4 55 1 56 1 24 -1 26 1
4 55 1 56 1 43 -1 41 -1
2 55 1 5 1
4 55 1 29 -1 28 1 30 1
4 0 1 2 1 3 1 55 -1
8 0 1 2 1 3 1 4 1 36 -1 35 -1 33 -1 34 1
4 0 1 2 1 53 1 54 1
4 0 1 2 1 46 1 49 1
2 0 1 54 1
4 0 1 24 1 56 -1 55 -1
4 0 1 9 1 11 1 34 1
4 0 1 10 1 48 -1 49 1
4 1 1 63 -1 33 -1 34 1
4 1 1 63 -1 29 1 55 -1
4 1 1 63 -1 62 -1 49 1
8 1 1 63 -1 62 -1 61 -1 52 -1 51 1 53 1 54 1
4 1 1 57 -1 56 -1 55 -1
4 1 1 58 1 14 -1 54 1
4 1 1 38 1 48 -1 49 1
2 1 1 34 1
4 18 -1 17 -1 12 -1 34 1
4 18 -1 17 -1 56 -1 55 -1
4 18 -1 17 -1 15 -1 54 1
8 18 -1 17 -1 15 -1 16 1 37 1 38 1 48 -1 49 1
4 18 -1 27 -1 33 -1 34 1
4 18 -1 59 -1 47 -1 49 1
4 18 -1 51 1 53 1 54 1
2 18 -1 55 -1
4 19 1 20 1 48 -1 49 1
4 19 1 20 1 13 1 54 1
8 19 1 20 1 21 1 22 1 23 1 24 1 56 -1 55 -1
4 19 1 20 1 21 1 34 1
2 19 1 49 1
4 19 1 35 -1 33 -1 34 1
4 19 1 44 1 53 1 54 1
4 19 1 45 1 60 -1 55 -1
6 0 1 2 1 3 1 6 1 20 -1 19 -1
4 0 1 2 1 3 1 18 1
6 0 1 2 1 3 1 4 1 36 -1 19 -1
8 0 1 2 1 3 1 4 1 16 -1 15 1 17 1 18 1
4 0 1 2 1 17 1 18 1
4 0 1 2 1 44 -1 19 -1
6 0 1 2 1 32 -1 21 -1 20 -1 19 -1
6 0 1 2 1 46 1 47 1 59 1 18 1
2 0 1 19 -1
4 0 1 15 1 17 1 18 1
6 0 1 23 -1 22 -1 21 -1 20 -1 19 -1
4 0 1 25 1 27 1 18 1
6 0 1 9 1 11 1 12 1 17 1 18 1
4 0 1 9 1 45 -1 19 -1
4 0 1 10 1 20 -1 19 -1
4 0 1 10 1 50 1 18 1
4 1 1 63 -1 20 -1 19 -1
4 1 1 63 -1 27 1 18 1
6 1 1 63 -1 28 1 15 1 17 1 18 1
6 1 1 63 -1 29 1 60 1 45 -1 19 -1
6 1 1 63 -1 62 -1 8 1 17 1 18 1
4 1 1 63 -1 62 -1 19 -1
6 1 1 63 -1 62 -1 61 -1 52 -1 18 1
8 1 1 63 -1 62 -1 61 -1 22 -1 21 -1 20 -1 19 -1
4 1 1 57 -1 43 -1 19 -1
4 1 1 57 -1 17 1 18 1
6 1 1 58 1 14 -1 13 -1 20 -1 19 -1
4 1 1 58 1 59 1 18 1
6 1 1 37 -1 16 -1 15 1 17 1 18 1
4 1 1 40 1 44 -1 19 -1
4 1 1 21 -1 20 -1 19 -1
2 1 1 18 1
8 0 1 2 1 3 1 5 1 7 1 62 1 63 1 1 -1
8 0 1 2 1 3 1 6 1 13 1 14 1 58 -1 1 -1
4 0 1 2 1 3 1 1 -1
6 0 1 2 1 3 1 29 -1 63 1 1 -1
8 0 1 2 1 3 1 4 1 36 -1 35 -1 63 1 1 -1
8 0 1 2 1 3 1 4 1 36 -1 43 1 57 1 1 -1
6 0 1 2 1 3 1 4 1 37 1 1 -1
8 0 1 2 1 3 1 4 1 61 1 62 1 63 1 1 -1
4 0 1 2 1 57 1 1 -1
4 0 1 2 1 63 1 1 -1
4 0 1 2 1 40 -1 1 -1
8 0 1 2 1 51 -1 52 1 61 1 62 1 63 1 1 -1
8 0 1 2 1 32 -1 31 -1 30 -1 28 -1 63 1 1 -1
4 0 1 2 1 32 -1 1 -1
6 0 1 2 1 46 1 62 1 63 1 1 -1
6 0 1 2 1 46 1 47 1 58 -1 1 -1
4 0 1 62 1 63 1 1 -1
4 0 1 14 1 58 -1 1 -1
4 0 1 28 -1 63 1 1 -1
6 0 1 23 -1 61 1 62 1 63 1 1 -1
4 0 1 24 1 57 1 1 -1
4 0 1 25 1 63 1 1 -1
4 0 1 26 1 39 -1 1 -1
8 0 1 9 1 11 1 12 1 8 -1 62 1 63 1 1 -1
4 0 1 9 1 11 1 1 -1
6 0 1 9 1 60 -1 29 -1 63 1 1 -1
4 0 1 9 1 58 -1 1 -1
4 0 1 10 1 63 1 1 -1
4 0 1 10 1 38 -1 1 -1
8 0 1 10 1 50 1 42 -1 41 1 43 1 57 1 1 -1
8 0 1 10 1 50 1 52 1 61 1 62 1 63 1 1 -1
8 2 1 3 1 5 1 7 1 8 1 12 -1 11 -1 9 -1
4 2 1 3 1 5 1 26 -1
4 2 1 3 1 6 1 10 -1
4 2 1 3 1 6 1 13 1
4 2 1 3 1 50 -1 10 -1
4 2 1 3 1 56 1 24 -1
4 2 1 3 1 60 1 9 -1
6 2 1 3 1 4 1 36 -1 35 -1 25 -1
8 2 1 3 1 4 1 36 -1 35 -1 33 -1 11 -1 9 -1
8 2 1 3 1 4 1 36 -1 41 -1 42 1 50 -1 10 -1
4 2 1 3 1 4 1 36 -1
4 2 1 3 1 4 1 16 -1
6 2 1 3 1 4 1 37 1 38 1 10 -1
4 2 1 3 1 4 1 9 -1
4 2 1 3 1 4 1 23 1
4 2 1 12 -1 11 -1 9 -1
2 2 1 24 -1
2 2 1 10 -1
4 2 1 40 -1 39 1 26 -1
4 2 1 44 -1 45 1 9 -1
4 2 1 51 -1 50 -1 10 -1
2 2 1 53 1
4 2 1 32 -1 31 -1 30 -1
6 2 1 32 -1 31 -1 42 1 50 -1 10 -1
4 2 1 32 -1 22 1 23 1
4 2 1 32 -1 11 -1 9 -1
2 2 1 46 1
4 2 1 46 1 48 1 10 -1
4 2 1 46 1 47 1 9 -1
6 2 1 46 1 47 1 59 1 27 -1 25 -1
4 3 1 5 1 7 1 46 -1
4 3 1 5 1 7 1 8 1
4 3 1 5 1 39 -1 40 1
4 3 1 5 1 31 1 32 1
2 3 1 6 1
4 3 1 6 1 21 1 32 1
4 3 1 6 1 13 1 53 -1
6 3 1 6 1 13 1 14 1 47 -1 46 -1
2 3 1 51 1
4 3 1 59 -1 47 -1 46 -1
2 3 1 32 1
4 3 1 55 -1 49 -1 46 -1
2 3 1 56 1
6 3 1 29 -1 28 1 30 1 31 1 32 1
4 3 1 60 1 45 -1 44 1
8 3 1 4 1 36 -1 35 -1 27 1 59 -1 47 -1 46 -1
4 3 1 4 1 36 -1 35 -1
6 3 1 4 1 36 -1 35 -1 33 -1 32 1
8 3 1 4 1 36 -1 35 -1 33 -1 34 1 54 -1 53 -1
6 3 1 4 1 36 -1 41 -1 31 1 32 1
4 3 1 4 1 36 -1 43 1
4 3 1 4 1 36 -1 46 -1
4 3 1 4 1 36 -1 44 1
6 3 1 4 1 16 -1 30 1 31 1 32 1
4 3 1 4 1 16 -1 15 1
4 3 1 4 1 37 1 40 1
6 3 1 4 1 37 1 38 1 48 -1 46 -1
4 3 1 4 1 47 -1 46 -1
4 3 1 4 1 22 -1 32 1
4 3 1 4 1 52 -1 51 1
4 5 1 7 1 36 1 4 -1
4 5 1 7 1 61 -1 4 -1
8 5 1 7 1 8 1 12 -1 33 1 35 1 36 1 4 -1
6 5 1 7 1 8 1 15 -1 16 1 4 -1
6 5 1 26 -1 25 1 35 1 36 1 4 -1
4 5 1 39 -1 37 -1 4 -1
4 5 1 41 1 36 1 4 -1
4 6 1 35 1 36 1 4 -1
4 6 1 38 -1 37 -1 4 -1
4 6 1 20 -1 36 1 4 -1
4 6 1 21 1 22 1 4 -1
4 6 1 13 1 16 1 4 -1
8 6 1 13 1 54 1 34 -1 33 1 35 1 36 1 4 -1
8 6 1 13 1 14 1 58 -1 57 -1 43 -1 36 1 4 -1
4 6 1 13 1 14 1 4 -1
4 42 -1 41 1 36 1 4 -1
2 52 1 4 -1
4 17 -1 15 -1 16 1 4 -1
4 27 -1 35 1 36 1 4 -1
4 33 1 35 1 36 1 4 -1
2 37 -1 4 -1
6 55 -1 49 -1 48 1 38 -1 37 -1 4 -1
6 55 -1 34 -1 33 1 35 1 36 1 4 -1
4 56 1 24 -1 23 -1 4 -1
4 56 1 43 -1 36 1 4 -1
4 29 -1 35 1 36 1 4 -1
4 29 -1 28 1 16 1 4 -1
4 60 1 45 -1 36 1 4 -1
2 60 1 4 -1
4 5 1 7 1 49 1 55 1
4 5 1 7 1 61 -1 52 -1
4 5 1 7 1 62 1 29 1
6 5 1 7 1 8 1 12 -1 11 -1 60 -1
4 5 1 7 1 8 1 12 -1
4 5 1 7 1 8 1 56 -1
4 5 1 7 1 8 1 17 1
4 5 1 26 -1 24 1 56 -1
4 5 1 26 -1 25 1 27 1
2 5 1 39 -1
6 5 1 39 -1 40 1 44 -1 45 1 60 -1
4 5 1 30 -1 28 -1 29 1
2 5 1 42 1
2 6 1 29 1
4 6 1 48 -1 49 1 55 1
2 6 1 50 1
4 6 1 20 -1 19 -1 18 -1
4 6 1 20 -1 45 1 60 -1
6 6 1 21 1 22 1 23 1 24 1 56 -1
2 6 1 21 1
4 6 1 13 1 28 -1 29 1
4 6 1 13 1 53 -1 51 -1
4 6 1 13 1 54 1 55 1
6 6 1 13 1 14 1 58 -1 57 -1 56 -1
4 6 1 13 1 14 1 58 -1
4 6 1 13 1 14 1 59 1
4 6 1 13 1 14 1 60 -1
4 5 1 7 1 13 -1 6 -1
4 5 1 7 1 20 1 6 -1
6 5 1 7 1 47 1 14 -1 13 -1 6 -1
4 5 1 7 1 48 1 6 -1
8 5 1 7 1 61 -1 52 -1 51 1 53 1 13 -1 6 -1
6 5 1 7 1 61 -1 22 -1 21 -1 6 -1
4 5 1 7 1 62 1 6 -1
8 5 1 7 1 62 1 63 1 58 1 14 -1 13 -1 6 -1
8 5 1 7 1 8 1 12 -1 11 -1 9 -1 10 1 6 -1
8 5 1 7 1 8 1 12 -1 11 -1 14 -1 13 -1 6 -1
6 5 1 7 1 8 1 12 -1 21 -1 6 -1
8 5 1 7 1 8 1 12 -1 34 1 54 -1 13 -1 6 -1
4 5 1 7 1 8 1 6 -1
8 5 1 7 1 8 1 57 1 58 1 14 -1 13 -1 6 -1
6 5 1 7 1 8 1 15 -1 13 -1 6 -1
8 5 1 7 1 8 1 17 1 18 1 19 1 20 1 6 -1
4 5 1 26 -1 13 -1 6 -1
6 5 1 26 -1 23 -1 22 -1 21 -1 6 -1
4 5 1 26 -1 25 1 6 -1
8 5 1 26 -1 25 1 27 1 59 -1 14 -1 13 -1 6 -1
4 5 1 39 -1 38 1 6 -1
6 5 1 39 -1 58 1 14 -1 13 -1 6 -1
6 5 1 39 -1 40 1 44 -1 20 1 6 -1
6 5 1 39 -1 40 1 53 1 13 -1 6 -1
4 5 1 30 -1 13 -1 6 -1
4 5 1 31 1 21 -1 6 -1
8 5 1 41 1 43 1 57 1 58 1 14 -1 13 -1 6 -1
4 5 1 42 1 50 -1 6 -1
2 7 1 26 1
2 7 1 41 -1
4 7 1 44 1 40 -1 39 1
4 7 1 46 -1 32 -1 31 -1
6 7 1 47 1 59 1 27 -1 25 -1 26 1
4 7 1 48 1 38 -1 39 1
4 7 1 61 -1 52 -1 42 -1
6 7 1 61 -1 52 -1 51 1 40 -1 39 1
4 7 1 61 -1 23 1 26 1
4 7 1 62 1 25 -1 26 1
4 7 1 62 1 28 1 30 1
4 7 1 62 1 63 1 39 1
6 7 1 8 1 12 -1 11 -1 9 -1 26 1
8 7 1 8 1 12 -1 11 -1 9 -1 10 1 50 1 42 -1
8 7 1 8 1 12 -1 11 -1 45 -1 44 1 40 -1 39 1
4 7 1 8 1 12 -1 31 -1
4 7 1 8 1 12 -1 39 1
6 7 1 8 1 12 -1 33 1 25 -1 26 1
4 7 1 8 1 40 -1 39 1
4 7 1 8 1 24 -1 26 1
4 7 1 8 1 43 -1 41 -1
4 7 1 8 1 15 -1 30 1
6 7 1 8 1 15 -1 16 1 37 1 39 1
6 7 1 8 1 17 1 27 -1 25 -1 26 1
4 9 1 11 1 12 1 8 -1
2 15 1 8 -1
4 35 -1 33 -1 12 1 8 -1
2 43 1 8 -1
4 19 -1 18 -1 17 -1 8 -1
4 45 1 11 1 12 1 8 -1
4 46 -1 32 -1 12 1 8 -1
2 46 -1 8 -1
4 47 1 11 1 12 1 8 -1
4 47 1 59 1 17 -1 8 -1
6 48 1 38 -1 37 -1 16 -1 15 1 8 -1
6 48 1 10 -1 9 1 11 1 12 1 8 -1
4 49 1 34 -1 12 1 8 -1
4 49 1 55 1 56 1 8 -1
8 61 -1 52 -1 50 -1 10 -1 9 1 11 1 12 1 8 -1
4 61 -1 52 -1 17 -1 8 -1
4 61 -1 52 -1 51 1 8 -1
8 61 -1 52 -1 51 1 53 1 54 1 34 -1 12 1 8 -1
4 61 -1 22 -1 12 1 8 -1
4 61 -1 23 1 24 1 8 -1
4 61 -1 16 -1 15 1 8 -1
4 61 -1 11 1 12 1 8 -1
2 62 1 8 -1
4 62 1 33 -1 12 1 8 -1
4 62 1 28 1 15 1 8 -1
6 62 1 29 1 60 1 11 1 12 1 8 -1
4 62 1 63 1 57 -1 8 -1
4 62 1 63 1 12 1 8 -1
2 23 -1 61 1
4 53 -1 51 -1 52 1 61 1
2 28 -1 62 -1
2 35 -1 62 -1
2 36 1 61 1
4 41 -1 42 1 52 1 61 1
4 43 1 57 1 63 -1 62 -1
4 20 1 21 1 22 1 61 1
4 44 1 51 -1 52 1 61 1
4 45 1 60 -1 29 -1 62 -1
6 46 -1 32 -1 31 -1 30 -1 28 -1 62 -1
4 46 -1 32 -1 22 1 61 1
4 46 -1 51 -1 52 1 61 1
4 47 1 58 -1 63 -1 62 -1
2 47 1 61 1
4 47 1 59 1 27 -1 62 -1
4 47 1 59 1 52 1 61 1
4 48 1 38 -1 37 -1 61 1
4 48 1 38 -1 63 -1 62 -1
2 48 1 62 -1
4 48 1 50 1 52 1 61 1
6 49 1 54 -1 53 -1 51 -1 52 1 61 1
6 49 1 55 1 56 1 24 -1 23 -1 61 1
4 49 1 55 1 29 -1 62 -1
2 10 1 48 -1
4 24 1 56 -1 55 -1 49 -1
4 25 1 27 1 59 -1 47 -1
2 14 1 47 -1
2 54 1 49 -1
4 16 1 37 1 38 1 48 -1
4 30 1 31 1 32 1 46 1
4 35 -1 27 1 59 -1 47 -1
4 35 -1 33 -1 34 1 49 -1
4 36 1 37 1 38 1 48 -1
4 41 -1 31 1 32 1 46 1
4 41 -1 42 1 50 -1 48 -1
4 43 1 56 -1 55 -1 49 -1
4 43 1 57 1 58 1 47 -1
4 19 -1 18 -1 59 -1 47 -1
2 20 1 48 -1
4 20 1 21 1 32 1 46 1
4 44 1 40 -1 38 1 48 -1
2 44 1 46 1
4 45 1 60 -1 55 -1 49 -1
2 45 1 47 -1
2 9 1 45 -1
4 10 1 50 1 42 -1 41 1
4 23 -1 22 -1 21 -1 20 -1
2 24 1 43 -1
2 25 1 35 1
4 26 1 39 -1 40 1 44 -1
2 13 -1 20 -1
4 14 1 58 -1 57 -1 43 -1
2 53 -1 44 -1
4 54 1 34 -1 33 1 35 1
4 15 1 17 1 18 1 19 1
2 16 1 36 -1
4 28 -1 29 1 60 1 45 -1
2 30 1 41 1
4 9 1 11 1 12 1 15 -1
4 9 1 11 1 34 1 54 -1
4 9 1 60 -1 29 -1 28 1
2 9 1 14 -1
2 10 1 13 1
4 10 1 38 -1 37 -1 16 -1
4 10 1 50 1 42 -1 30 -1
4 10 1 50 1 51 1 53 1
4 23 -1 22 -1 21 -1 13 1
4 23 -1 22 -1 31 -1 30 -1
2 23 -1 16 -1
4 23 -1 52 -1 51 1 53 1
4 24 1 56 -1 55 -1 54 -1
4 24 1 56 -1 29 -1 28 1
2 24 1 15 -1
4 24 1 57 1 58 1 14 -1
2 25 1 28 1
4 25 1 33 -1 34 1 54 -1
4 25 1 27 1 59 -1 14 -1
4 25 1 27 1 17 -1 15 -1
4 26 1 39 -1 37 -1 16 -1
4 26 1 39 -1 40 1 53 1
2 26 1 30 -1
4 9 1 11 1 12 1 24 -1
4 9 1 11 1 22 1 23 1
4 9 1 11 1 33 1 25 -1
6 9 1 45 -1 44 1 40 -1 39 1 26 -1
4 9 1 60 -1 56 1 24 -1
4 9 1 59 1 27 -1 25 -1
2 9 1 23 1
2 10 1 25 -1
4 10 1 21 1 22 1 23 1
4 10 1 38 -1 39 1 26 -1
6 10 1 48 -1 49 1 55 1 56 1 24 -1
4 10 1 50 1 42 -1 26 -1
6 10 1 50 1 42 -1 41 1 43 1 24 -1
4 10 1 50 1 52 1 23 1
4 10 1 50 1 27 -1 25 -1
4 9 1 11 1 12 1 10 -1
8 9 1 11 1 12 1 43 -1 41 -1 42 1 50 -1 10 -1
8 9 1 11 1 12 1 15 -1 16 1 37 1 38 1 10 -1
6 9 1 11 1 12 1 17 1 50 -1 10 -1
4 9 1 11 1 21 -1 10 -1
6 9 1 11 1 31 -1 42 1 50 -1 10 -1
4 9 1 11 1 38 1 10 -1
4 9 1 11 1 50 -1 10 -1
4 9 1 11 1 33 1 10 -1
8 9 1 11 1 33 1 35 1 41 -1 42 1 50 -1 10 -1
8 9 1 11 1 34 1 54 -1 53 -1 51 -1 50 -1 10 -1
6 9 1 11 1 34 1 49 -1 48 1 10 -1
4 9 1 45 -1 20 1 10 -1
6 9 1 45 -1 41 -1 42 1 50 -1 10 -1
6 9 1 45 -1 44 1 40 -1 38 1 10 -1
6 9 1 45 -1 44 1 51 -1 50 -1 10 -1
4 9 1 60 -1 29 -1 10 -1
8 9 1 60 -1 29 -1 28 1 30 1 42 1 50 -1 10 -1
6 9 1 60 -1 55 -1 49 -1 48 1 10 -1
4 9 1 60 -1 50 -1 10 -1
4 9 1 14 -1 13 -1 10 -1
8 9 1 58 -1 57 -1 43 -1 41 -1 42 1 50 -1 10 -1
4 9 1 47 -1 48 1 10 -1
4 9 1 59 1 50 -1 10 -1
4 9 1 37 1 38 1 10 -1
4 9 1 52 -1 50 -1 10 -1
4 11 1 12 1 44 -1 45 1
4 11 1 12 1 56 -1 60 1
4 11 1 12 1 57 1 58 1
6 11 1 12 1 15 -1 28 -1 29 1 60 1
4 11 1 12 1 15 -1 16 1
6 11 1 12 1 17 1 18 1 19 1 45 1
4 11 1 12 1 17 1 59 -1
4 11 1 21 -1 20 -1 45 1
2 11 1 22 1
6 11 1 31 -1 30 -1 28 -1 29 1 60 1
4 11 1 32 1 46 1 47 1
4 11 1 40 1 44 -1 45 1
2 11 1 58 1
2 11 1 60 1
4 11 1 33 1 27 1 59 -1
4 11 1 33 1 29 1 60 1
4 11 1 33 1 35 1 36 1
4 11 1 33 1 35 1 45 1
4 11 1 34 1 54 -1 14 1
6 11 1 34 1 54 -1 53 -1 44 -1 45 1
4 11 1 34 1 55 1 60 1
2 12 1 33 -1
4 12 1 53 1 54 1 34 -1
2 12 1 32 -1
4 12 1 24 -1 23 -1 22 -1
4 12 1 56 -1 55 -1 34 -1
4 12 1 43 -1 35 -1 33 -1
2 12 1 57 1
4 12 1 15 -1 54 1 34 -1
4 12 1 15 -1 30 1 31 1
6 12 1 15 -1 16 1 36 -1 35 -1 33 -1
4 12 1 15 -1 16 1 37 1
6 12 1 17 1 18 1 19 1 20 1 21 1
4 12 1 17 1 27 -1 33 -1
2 12 1 17 1
4 20 -1 19 -1 18 -1 17 -1
4 38 -1 37 -1 16 -1 15 1
2 27 1 17 -1
2 28 1 15 1
4 40 -1 37 -1 16 -1 15 1
4 44 -1 19 -1 18 -1 17 -1
2 51 -1 17 -1
2 53 1 15 1
4 32 -1 31 -1 30 -1 15 1
4 46 1 47 1 59 1 17 -1
8 24 -1 23 -1 22 -1 21 -1 20 -1 19 -1 18 -1 17 -1
4 24 -1 23 -1 16 -1 15 1
4 24 -1 25 1 27 1 17 -1
8 56 -1 55 -1 49 -1 48 1 38 -1 37 -1 16 -1 15 1
2 56 -1 17 -1
4 56 -1 29 -1 28 1 15 1
4 43 -1 41 -1 30 -1 15 1
4 43 -1 41 -1 42 1 17 -1
4 43 -1 36 1 16 -1 15 1
4 43 -1 19 -1 18 -1 17 -1
4 57 1 58 1 14 -1 15 1
4 57 1 58 1 59 1 17 -1
4 57 1 37 -1 16 -1 15 1
4 13 1 14 1 58 -1 57 -1
4 21 1 22 1 23 1 24 1
4 48 -1 49 1 55 1 56 1
4 50 1 42 -1 41 1 43 1
2 25 -1 24 1
2 35 1 43 1
2 29 1 56 1
2 63 1 57 -1
2 40 -1 57 -1
4 40 -1 39 1 26 -1 24 1
2 44 -1 43 1
4 44 -1 45 1 60 -1 56 1
4 51 -1 42 -1 41 1 43 1
4 51 -1 52 1 23 1 24 1
4 53 1 14 1 58 -1 57 -1
4 53 1 54 1 55 1 56 1
4 32 -1 31 -1 41 1 43 1
4 32 -1 22 1 23 1 24 1
4 46 1 49 1 55 1 56 1
4 46 1 47 1 58 -1 57 -1
2 13 1 53 -1
2 20 -1 44 1
2 21 1 32 1
2 38 -1 40 1
2 48 -1 46 -1
2 50 1 51 1
4 25 -1 26 1 39 -1 40 1
4 27 1 59 -1 47 -1 46 -1
4 33 -1 34 1 54 -1 53 -1
4 28 1 30 1 31 1 32 1
4 29 1 60 1 45 -1 44 1
4 62 -1 61 -1 52 -1 51 1
2 13 1 28 -1
4 13 1 54 1 34 -1 33 1
4 13 1 14 1 58 -1 63 -1
4 13 1 14 1 59 1 27 -1
4 20 -1 19 -1 18 -1 27 -1
2 20 -1 35 -1
4 20 -1 45 1 60 -1 29 -1
4 21 1 22 1 23 1 25 1
4 21 1 22 1 61 1 62 1
4 21 1 31 -1 30 -1 28 -1
2 21 1 33 1
4 38 -1 37 -1 16 -1 28 -1
4 38 -1 37 -1 36 -1 35 -1
4 38 -1 39 1 26 -1 25 1
2 38 -1 63 -1
4 48 -1 47 1 59 1 27 -1
4 48 -1 49 1 34 -1 33 1
4 48 -1 49 1 55 1 29 -1
4 50 1 42 -1 30 -1 28 -1
4 50 1 42 -1 41 1 35 -1
4 50 1 52 1 61 1 62 1
2 50 1 27 -1
4 13 1 16 1 37 1 38 1
4 13 1 53 -1 51 -1 50 -1
4 13 1 54 1 49 -1 48 1
8 13 1 14 1 58 -1 57 -1 43 -1 41 -1 42 1 50 -1
4 13 1 14 1 58 -1 38 1
4 13 1 14 1 47 -1 48 1
8 20 -1 19 -1 18 -1 17 -1 15 -1 16 1 37 1 38 1
4 20 -1 19 -1 18 -1 50 -1
4 20 -1 41 -1 42 1 50 -1
4 20 -1 44 1 40 -1 38 1
8 21 1 22 1 23 1 24 1 56 -1 55 -1 49 -1 48 1
4 21 1 22 1 37 1 38 1
4 21 1 22 1 52 -1 50 -1
4 21 1 31 -1 42 1 50 -1
4 21 1 32 1 46 1 48 1
2 21 1 38 1
6 13 1 15 1 17 1 18 1 19 1 20 1
4 13 1 30 1 31 1 21 -1
4 13 1 53 -1 44 -1 20 1
6 13 1 53 -1 51 -1 52 1 22 -1 21 -1
4 13 1 54 1 34 -1 21 -1
6 13 1 14 1 58 -1 57 -1 43 -1 20 1
8 13 1 14 1 58 -1 57 -1 24 -1 23 -1 22 -1 21 -1
4 13 1 14 1 58 -1 21 -1
6 13 1 14 1 47 -1 46 -1 32 -1 21 -1
6 13 1 14 1 59 1 18 1 19 1 20 1
4 13 1 14 1 45 -1 20 1
4 13 1 14 1 22 -1 21 -1
4 15 1 17 1 59 -1 14 -1
2 16 1 14 -1
4 16 1 37 1 58 1 14 -1
4 28 -1 63 1 58 1 14 -1
4 28 -1 29 1 60 1 14 -1
6 30 1 31 1 32 1 46 1 47 1 14 -1
6 30 1 41 1 43 1 57 1 58 1 14 -1
4 53 -1 40 -1 58 1 14 -1
4 53 -1 44 -1 45 1 14 -1
4 53 -1 46 1 47 1 14 -1
8 53 -1 51 -1 42 -1 41 1 43 1 57 1 58 1 14 -1
4 53 -1 51 -1 59 -1 14 -1
4 53 -1 51 -1 52 1 14 -1
8 53 -1 51 -1 52 1 61 1 62 1 63 1 58 1 14 -1
4 54 1 34 -1 58 1 14 -1
6 54 1 34 -1 33 1 27 1 59 -1 14 -1
8 54 1 34 -1 33 1 35 1 43 1 57 1 58 1 14 -1
4 54 1 49 -1 47 1 14 -1
6 54 1 55 1 56 1 57 1 58 1 14 -1
4 15 1 17 1 51 1 53 1
6 16 1 36 -1 35 -1 33 -1 34 1 54 -1
4 16 1 52 -1 51 1 53 1
4 16 1 37 1 40 1 53 1
6 16 1 37 1 38 1 48 -1 49 1 54 -1
4 28 -1 33 -1 34 1 54 -1
6 28 -1 62 -1 61 -1 52 -1 51 1 53 1
4 28 -1 29 1 55 -1 54 -1
6 28 -1 29 1 60 1 45 -1 44 1 53 1
4 30 1 31 1 34 1 54 -1
4 30 1 31 1 32 1 53 1
4 30 1 42 1 51 1 53 1
8 15 1 17 1 18 1 19 1 20 1 21 1 31 -1 30 -1
8 15 1 17 1 18 1 19 1 45 1 60 -1 29 -1 28 1
4 15 1 17 1 27 -1 28 1
8 15 1 17 1 59 -1 47 -1 46 -1 32 -1 31 -1 30 -1
4 15 1 17 1 42 -1 30 -1
4 15 1 17 1 29 -1 28 1
4 16 1 36 -1 35 -1 28 1
4 16 1 36 -1 41 -1 30 -1
4 16 1 60 -1 29 -1 28 1
4 16 1 22 -1 31 -1 30 -1
4 16 1 61 1 62 1 28 1
4 16 1 37 1 39 1 30 -1
8 16 1 37 1 40 1 44 -1 45 1 60 -1 29 -1 28 1
4 16 1 37 1 63 -1 28 1
4 16 1 37 1 31 -1 30 -1
8 16 1 37 1 38 1 48 -1 46 -1 32 -1 31 -1 30 -1
8 16 1 37 1 38 1 48 -1 49 1 55 1 29 -1 28 1
6 16 1 37 1 38 1 50 1 42 -1 30 -1
8 15 1 17 1 18 1 19 1 20 1 21 1 22 1 16 -1
6 15 1 17 1 18 1 19 1 36 1 16 -1
8 15 1 17 1 18 1 19 1 44 1 40 -1 37 -1 16 -1
8 15 1 17 1 27 -1 25 -1 26 1 39 -1 37 -1 16 -1
6 15 1 17 1 27 -1 35 1 36 1 16 -1
8 15 1 17 1 59 -1 47 -1 48 1 38 -1 37 -1 16 -1
4 15 1 17 1 59 -1 16 -1
6 15 1 17 1 50 -1 38 -1 37 -1 16 -1
4 15 1 17 1 52 1 16 -1
4 15 1 17 1 37 -1 16 -1
8 18 1 19 1 20 1 21 1 22 1 23 1 25 1 27 1
6 18 1 19 1 20 1 21 1 22 1 52 -1
8 18 1 19 1 20 1 21 1 32 1 46 1 47 1 59 1
4 18 1 19 1 20 1 21 1
4 18 1 19 1 35 -1 27 1
4 18 1 19 1 41 -1 42 1
8 18 1 19 1 44 1 40 -1 39 1 26 -1 25 1 27 1
4 18 1 19 1 44 1 51 -1
4 18 1 19 1 45 1 60 -1
4 18 1 19 1 45 1 59 1
8 20 1 21 1 22 1 23 1 26 1 39 -1 40 1 44 -1
8 20 1 21 1 22 1 23 1 24 1 56 -1 60 1 45 -1
6 20 1 21 1 22 1 23 1 24 1 43 -1
4 20 1 21 1 22 1 36 -1
4 20 1 21 1 22 1 45 -1
6 20 1 21 1 22 1 52 -1 51 1 44 -1
8 20 1 21 1 31 -1 30 -1 28 -1 29 1 60 1 45 -1
4 20 1 21 1 31 -1 41 1
4 20 1 21 1 32 1 44 -1
4 20 1 21 1 33 1 35 1
4 20 1 21 1 40 1 44 -1
4 22 1 23 1 25 1 33 -1
8 22 1 23 1 25 1 27 1 59 -1 47 -1 46 -1 32 -1
4 22 1 23 1 26 1 39 -1
4 22 1 23 1 26 1 31 1
8 22 1 23 1 24 1 56 -1 55 -1 49 -1 46 -1 32 -1
6 22 1 23 1 24 1 56 -1 55 -1 34 -1
4 22 1 23 1 24 1 56 -1
8 22 1 23 1 24 1 56 -1 29 -1 28 1 30 1 31 1
6 22 1 23 1 24 1 43 -1 41 -1 31 1
4 22 1 23 1 24 1 57 1
4 22 1 36 -1 35 -1 33 -1
2 22 1 37 1
4 22 1 47 -1 46 -1 32 -1
4 22 1 52 -1 42 -1 31 1
2 22 1 52 -1
4 22 1 52 -1 51 1 32 -1
6 22 1 52 -1 51 1 53 1 54 1 34 -1
6 22 1 61 1 62 1 28 1 30 1 31 1
4 22 1 61 1 62 1 63 1
4 23 1 25 1 62 -1 61 -1
4 23 1 25 1 35 1 36 1
4 23 1 25 1 27 1 59 -1
4 23 1 25 1 27 1 52 1
4 23 1 26 1 39 -1 37 -1
6 23 1 26 1 39 -1 40 1 51 -1 52 1
8 23 1 24 1 56 -1 55 -1 49 -1 48 1 38 -1 37 -1
8 23 1 24 1 56 -1 55 -1 54 -1 53 -1 51 -1 52 1
4 23 1 24 1 56 -1 52 1
6 23 1 24 1 56 -1 29 -1 62 -1 61 -1
4 23 1 24 1 56 -1 60 1
6 23 1 24 1 43 -1 41 -1 42 1 52 1
4 23 1 24 1 43 -1 36 1
4 23 1 24 1 57 1 58 1
6 23 1 24 1 57 1 63 -1 62 -1 61 -1
4 25 1 29 1 56 1 24 -1
6 25 1 33 -1 34 1 55 1 56 1 24 -1
4 25 1 35 1 43 1 24 -1
8 25 1 27 1 59 -1 47 -1 49 1 55 1 56 1 24 -1
6 25 1 27 1 59 -1 58 -1 57 -1 24 -1
4 25 1 27 1 56 1 24 -1
8 26 1 39 -1 38 1 48 -1 49 1 55 1 56 1 24 -1
4 26 1 39 -1 57 -1 24 -1
8 26 1 39 -1 40 1 44 -1 45 1 60 -1 56 1 24 -1
4 26 1 41 1 43 1 24 -1
4 25 1 28 1 30 1 26 -1
8 25 1 29 1 60 1 45 -1 44 1 40 -1 39 1 26 -1
4 25 1 63 1 39 1 26 -1
4 25 1 33 -1 39 1 26 -1
8 25 1 33 -1 34 1 54 -1 53 -1 40 -1 39 1 26 -1
6 25 1 35 1 36 1 37 1 39 1 26 -1
4 25 1 35 1 41 -1 26 -1
6 25 1 35 1 44 1 40 -1 39 1 26 -1
8 25 1 27 1 59 -1 47 -1 46 -1 32 -1 31 -1 26 -1
8 25 1 27 1 59 -1 47 -1 46 -1 40 -1 39 1 26 -1
8 25 1 27 1 59 -1 47 -1 48 1 38 -1 39 1 26 -1
6 25 1 27 1 59 -1 58 -1 39 1 26 -1
8 25 1 27 1 59 -1 45 -1 44 1 40 -1 39 1 26 -1
4 25 1 27 1 42 -1 26 -1
6 25 1 27 1 51 1 40 -1 39 1 26 -1
4 25 1 27 1 39 1 26 -1
8 28 1 30 1 31 1 32 1 46 1 47 1 59 1 27 -1
2 29 1 27 -1
4 29 1 60 1 59 1 27 -1
4 62 -1 61 -1 52 -1 27 -1
4 63 1 58 1 59 1 27 -1
6 33 -1 32 1 46 1 47 1 59 1 27 -1
2 33 -1 27 -1
6 33 -1 34 1 54 -1 53 -1 51 -1 27 -1
6 33 -1 34 1 49 -1 47 1 59 1 27 -1
4 35 1 36 1 59 1 27 -1
4 35 1 41 -1 42 1 27 -1
6 35 1 43 1 57 1 58 1 59 1 27 -1
4 28 1 30 1 31 1 33 1
4 28 1 30 1 41 1 35 -1
4 29 1 55 -1 34 -1 33 1
4 29 1 60 1 45 -1 35 -1
8 62 -1 61 -1 52 -1 51 1 53 1 54 1 34 -1 33 1
4 62 -1 61 -1 36 -1 35 -1
4 63 1 57 -1 43 -1 35 -1
2 63 1 33 1
4 28 1 30 1 31 1 63 -1
6 28 1 30 1 41 1 43 1 57 1 63 -1
6 28 1 30 1 42 1 52 1 61 1 62 1
4 29 1 56 1 57 1 63 -1
4 29 1 52 1 61 1 62 1
2 29 1 63 -1
6 29 1 60 1 45 -1 44 1 40 -1 63 -1
8 29 1 60 1 45 -1 44 1 51 -1 52 1 61 1 62 1
4 29 1 60 1 58 -1 63 -1
4 29 1 60 1 61 1 62 1
4 28 1 30 1 31 1 29 -1
8 28 1 30 1 31 1 32 1 44 -1 45 1 60 -1 29 -1
8 28 1 30 1 31 1 32 1 46 1 49 1 55 1 29 -1
8 28 1 30 1 31 1 32 1 46 1 47 1 60 -1 29 -1
8 28 1 30 1 39 -1 40 1 44 -1 45 1 60 -1 29 -1
6 28 1 30 1 41 1 45 1 60 -1 29 -1
6 28 1 30 1 41 1 43 1 56 -1 29 -1
4 28 1 30 1 42 1 29 -1
4 31 1 33 1 35 1 41 -1
2 31 1 39 1
4 31 1 57 -1 43 -1 41 -1
2 31 1 42 -1
4 31 1 32 1 40 -1 39 1
4 31 1 32 1 51 -1 42 -1
6 31 1 32 1 46 1 48 1 50 1 42 -1
8 31 1 32 1 46 1 47 1 58 -1 57 -1 43 -1 41 -1
6 31 1 32 1 46 1 47 1 59 1 42 -1
4 34 1 54 -1 53 -1 32 -1
4 34 1 49 -1 46 -1 32 -1
4 38 1 48 -1 46 -1 32 -1
2 40 1 32 -1
4 58 1 47 -1 46 -1 32 -1
4 59 -1 47 -1 46 -1 32 -1
4 33 1 35 1 36 1 37 1
4 33 1 35 1 43 1 57 1
4 34 1 54 -1 53 -1 40 -1
4 34 1 54 -1 53 -1 51 -1
4 34 1 49 -1 48 1 38 -1
2 34 1 55 1
8 33 1 35 1 36 1 37 1 38 1 48 -1 49 1 34 -1
8 33 1 35 1 36 1 52 -1 51 1 53 1 54 1 34 -1
8 33 1 35 1 41 -1 42 1 51 1 53 1 54 1 34 -1
6 33 1 35 1 43 1 56 -1 55 -1 34 -1
6 33 1 35 1 44 1 53 1 54 1 34 -1
4 36 1 37 1 40 1 44 -1
4 36 1 37 1 57 -1 43 -1
6 36 1 37 1 38 1 50 1 42 -1 41 1
4 36 1 58 -1 57 -1 43 -1
2 36 1 45 -1
4 36 1 52 -1 42 -1 41 1
4 37 1 40 1 44 -1 45 1
4 37 1 40 1 51 -1 52 1
2 37 1 58 1
4 37 1 63 -1 62 -1 61 -1
4 37 1 38 1 48 -1 47 1
4 37 1 38 1 50 1 52 1
4 39 1 42 1 50 -1 38 -1
8 40 1 44 -1 45 1 60 -1 55 -1 49 -1 48 1 38 -1
4 40 1 46 1 48 1 38 -1
4 40 1 51 -1 50 -1 38 -1
6 40 1 53 1 54 1 49 -1 48 1 38 -1
6 57 -1 43 -1 41 -1 42 1 50 -1 38 -1
6 57 -1 56 -1 55 -1 49 -1 48 1 38 -1
4 58 1 47 -1 48 1 38 -1
2 50 -1 38 -1
4 55 -1 49 -1 48 1 38 -1
4 39 1 41 1 43 1 57 1
4 40 1 44 -1 43 1 57 1
4 40 1 44 -1 45 1 60 -1
4 40 1 44 -1 45 1 58 -1
2 40 1 51 -1
6 40 1 51 -1 52 1 61 1 62 1 63 1
4 39 1 41 1 44 1 40 -1
4 39 1 42 1 51 1 40 -1
4 41 1 44 1 51 -1 42 -1
8 41 1 43 1 56 -1 55 -1 49 -1 48 1 50 1 42 -1
4 41 1 43 1 56 -1 42 -1
6 41 1 43 1 57 1 58 1 59 1 42 -1
8 41 1 43 1 57 1 63 -1 62 -1 61 -1 52 -1 42 -1
4 41 1 43 1 57 1 42 -1
4 45 1 60 -1 56 1 43 -1
4 45 1 58 -1 57 -1 43 -1
4 44 1 46 1 47 1 45 -1
4 44 1 51 -1 60 1 45 -1
4 44 1 51 -1 52 1 45 -1
6 44 1 53 1 54 1 55 1 60 1 45 -1
4 46 1 49 1 54 -1 53 -1
4 46 1 47 1 59 1 51 1
4 48 1 50 1 59 -1 47 -1
6 49 1 55 1 56 1 57 1 58 1 47 -1
4 49 1 55 1 59 -1 47 -1
4 49 1 55 1 60 1 47 -1
6 48 1 50 1 51 1 53 1 54 1 49 -1
4 48 1 50 1 55 -1 49 -1
4 51 1 53 1 54 1 55 1
2 52 1 59 1
4 52 1 61 1 62 1 63 1
4 56 1 57 1 58 1 60 -1
2 56 1 57 1
2 58 1 59 1
4 58 1 61 1 62 1 63 1
2 59 1 60 1
